   3.9717327e+01
   3.9695949e+01
   3.9774670e+01
   4.1555325e+01
   4.7608068e+01
   5.1514683e+01
   5.5254933e+01
   5.8307872e+01
   6.3016887e+01
   6.2829976e+01
   7.4433544e+01
   8.3816571e+01
   8.2642521e+01
   8.2013008e+01
   8.2083650e+01
   8.2471723e+01
   7.7133537e+01
   7.3033410e+01
   6.8341881e+01
   7.5747699e+01
   7.1911038e+01
   7.2926881e+01
   7.2693823e+01
   5.8795145e+01
   6.5825135e+01
   7.6163285e+01
   8.2505122e+01
   9.0314317e+01
   9.6282917e+01
   1.0258541e+02
   1.1812501e+02
   1.3644263e+02
   1.4283539e+02
   1.5247954e+02
   1.6829188e+02
   1.8802650e+02
   3.0602421e+02
   4.2414325e+02
   5.6975229e+02
   8.1977033e+02
   1.0831542e+03
   1.3587699e+03
   1.5637352e+03
   1.7413730e+03
   1.9198628e+03
   2.0858224e+03
   2.2078376e+03
   2.3376672e+03
   2.4328202e+03
   2.4524835e+03
   2.4677768e+03
   2.4737966e+03
   2.4790388e+03
   2.4782266e+03
   2.4659782e+03
   2.4427377e+03
   2.4277597e+03
   2.4138732e+03
   2.4040027e+03
   2.3915612e+03
   2.3853688e+03
   2.3575822e+03
   2.3024352e+03
   2.2549470e+03
   2.2374696e+03
   2.2570256e+03
   2.2647079e+03
   2.2561804e+03
   2.2275960e+03
   2.1940912e+03
   2.1326602e+03
   1.9818556e+03
   1.8323339e+03
   1.6857968e+03
   1.5972559e+03
   1.5025494e+03
   1.3951484e+03
   1.3197246e+03
   1.2301547e+03
   1.1322605e+03
   8.8311516e+02
   6.1850458e+02
   3.2132672e+02
   2.3498166e+02
   1.6027020e+02
   1.1802298e+02
   8.0679433e+01
   6.4611297e+01
   6.6475936e+01
   7.1182379e+01
   7.1484581e+01
   7.3396156e+01
   7.5076145e+01
   7.3574739e+01
   6.2825894e+01
   5.8913437e+01
   6.1909694e+01
   9.2653701e+01
   9.4367208e+01
   2.4951852e+01
  -7.1054274e-15
