  -1.4852038e+00
  -1.5645954e+00
  -1.4719052e+00
  -1.4640600e+00
  -1.7944548e+00
  -2.0921704e+00
  -2.1787053e+00
  -2.1976868e+00
  -2.2323328e+00
  -2.3311498e+00
  -2.5108607e+00
  -2.5910051e+00
  -2.7498938e+00
  -2.9168225e+00
  -3.1170509e+00
  -3.3101408e+00
  -3.4009571e+00
  -3.5264108e+00
  -3.5877427e+00
  -3.6849948e+00
  -3.7635801e+00
  -3.8096017e+00
  -3.9161686e+00
  -4.0705756e+00
  -4.2473684e+00
  -4.5251963e+00
  -4.8059697e+00
  -5.2013347e+00
  -5.6649289e+00
  -6.2541082e+00
  -6.8694831e+00
  -7.5681593e+00
  -8.4221944e+00
  -9.2618899e+00
  -1.0181753e+01
  -1.1026914e+01
  -1.2064832e+01
  -1.3042450e+01
  -1.4069825e+01
  -1.5035397e+01
  -1.5965157e+01
  -1.6910642e+01
  -1.7777515e+01
  -1.8531521e+01
  -1.9292486e+01
  -2.0004760e+01
  -2.0542263e+01
  -2.1039552e+01
  -2.1540796e+01
  -2.1904669e+01
  -2.2166967e+01
  -2.2369751e+01
  -2.2524693e+01
  -2.2618860e+01
  -2.2626342e+01
  -2.2726334e+01
  -2.2662435e+01
  -2.2622197e+01
  -2.2625636e+01
  -2.2561179e+01
  -2.2435822e+01
  -2.2397237e+01
  -2.2325142e+01
  -2.2216536e+01
  -2.2110733e+01
  -2.1989553e+01
  -2.1878179e+01
  -2.1731530e+01
  -2.1546120e+01
  -2.1317523e+01
  -2.0994005e+01
  -2.0633286e+01
  -2.0220469e+01
  -1.9765986e+01
  -1.9188191e+01
  -1.8506235e+01
  -1.7765941e+01
  -1.6873020e+01
  -1.5968625e+01
  -1.4987392e+01
  -1.3884588e+01
  -1.2752561e+01
  -1.1591732e+01
  -1.0487128e+01
  -9.3509233e+00
  -8.1438985e+00
  -7.0767092e+00
  -6.0994018e+00
  -5.2624994e+00
  -4.4472853e+00
  -3.7129278e+00
  -3.1407538e+00
  -2.6902552e+00
  -2.3440758e+00
  -2.1504916e+00
  -2.0292677e+00
  -1.9435617e+00
  -1.8910649e+00
  -1.7877650e+00
  -1.7145553e+00
  -1.5155239e+00
