   3.1486015e+13
   1.6665960e+12
   1.6665960e+12
   2.2268080e+03
   2.2268080e+03
   2.2268080e+03
   2.2268080e+03
   2.2268080e+03
   2.2268080e+03
   2.2268080e+03
   2.2268080e+03
   2.2268080e+03
   2.2268080e+03
   2.2268080e+03
   2.2268080e+03
   2.2268080e+03
   2.2268080e+03
   2.2268080e+03
   2.2268080e+03
   2.2268080e+03
   2.2268080e+03
   2.2268080e+03
   2.2268080e+03
   1.3228110e+03
   1.3228110e+03
   1.3228110e+03
   1.3228110e+03
   1.3228110e+03
   1.3228110e+03
   1.3228110e+03
   1.3228110e+03
   1.3228110e+03
   1.3228110e+03
   1.3228110e+03
   1.3228110e+03
   1.3228110e+03
   1.3228110e+03
   1.3228110e+03
   1.3228110e+03
   4.6639700e+02
   4.6639700e+02
   4.6639700e+02
   4.6639700e+02
   4.6639700e+02
   4.6639700e+02
   4.6639700e+02
   4.6639700e+02
   4.6639700e+02
   4.6639700e+02
   4.6639700e+02
   4.6639700e+02
   4.6639700e+02
   4.6639700e+02
   4.6639700e+02
   4.6639700e+02
   4.6639700e+02
   4.6639700e+02
   4.6639700e+02
   4.6639700e+02
   4.6639700e+02
   4.6639700e+02
   4.6639700e+02
   4.6639700e+02
   4.6639700e+02
   4.6639700e+02
   4.6639700e+02
   4.6639700e+02
   4.6639700e+02
   4.6639700e+02
   4.6639700e+02
   4.6639700e+02
   4.6639700e+02
   4.6639700e+02
   4.6639700e+02
   4.6639700e+02
   4.6639700e+02
   4.6639700e+02
   4.6639700e+02
   4.6639700e+02
   4.6639700e+02
   4.6639700e+02
   4.6639700e+02
   4.6639700e+02
   4.6639700e+02
   4.6639700e+02
   4.6639700e+02
   4.6639700e+02
   4.6639700e+02
   4.6639700e+02
   4.6639700e+02
   4.6639700e+02
   4.6639700e+02
   4.6639700e+02
   4.6639700e+02
   4.6639700e+02
   4.6639700e+02
   4.6639700e+02
   4.6639700e+02
   4.6639700e+02
   4.6639700e+02
   4.6639700e+02
   4.6639700e+02
   4.6639700e+02
   2.9517426e+02
   2.9517426e+02
   2.2021241e+02
   2.2021241e+02
   2.0794695e+02
   2.0794695e+02
   2.0794695e+02
   2.0794695e+02
   2.0794695e+02
   2.0794695e+02
   2.0794695e+02
   2.0794695e+02
   2.0794695e+02
   1.4131194e+02
   1.4131194e+02
   1.4131194e+02
   1.4131194e+02
   1.4131194e+02
   1.4131194e+02
   1.4131194e+02
   1.4131194e+02
   9.3321125e+01
   9.3094226e+01
   9.3094226e+01
   9.3094226e+01
   9.3094226e+01
   9.3094226e+01
   9.3094226e+01
   9.3094226e+01
   9.3094226e+01
   9.3094226e+01
   9.3094226e+01
   8.6246310e+01
   8.6246310e+01
   3.9581440e+01
   3.9581440e+01
   3.9581440e+01
   3.9581440e+01
   2.6029387e+01
   2.6029387e+01
   2.6029387e+01
   2.6029387e+01
   2.6029387e+01
   2.6029387e+01
   2.6029387e+01
   2.6029387e+01
   2.6029387e+01
   2.6029387e+01
   2.6029387e+01
   2.6029387e+01
   2.6029387e+01
   2.6029387e+01
   2.6029387e+01
   2.6029387e+01
   2.6029387e+01
   2.6029387e+01
   2.6029387e+01
   2.6029387e+01
   2.6029387e+01
   2.6029387e+01
   2.6029387e+01
   2.6029387e+01
   2.6029387e+01
   2.6029387e+01
   2.6029387e+01
   2.6029387e+01
   2.6029387e+01
   2.6029387e+01
   2.6029387e+01
   2.6029387e+01
   2.6029387e+01
   2.6029387e+01
   2.6029387e+01
   2.6029387e+01
   2.6029387e+01
   2.6029387e+01
   2.6029387e+01
   2.6029387e+01
   2.6029387e+01
   2.6029387e+01
   2.6029387e+01
   2.6029387e+01
   2.6029387e+01
   2.2021762e+01
   2.2021762e+01
   1.6175069e+01
   1.6175069e+01
   1.6175069e+01
   1.6175069e+01
   1.6175069e+01
   1.6175069e+01
   1.6175069e+01
   1.6175069e+01
   1.6175069e+01
   1.6175069e+01
   1.6175069e+01
   1.6175069e+01
   1.6175069e+01
   1.6175069e+01
   1.5567792e+01
   1.5567792e+01
   1.3408168e+01
   1.3408168e+01
   1.3408168e+01
   1.3408168e+01
   1.3408168e+01
   1.3408168e+01
   1.3408168e+01
   1.3408168e+01
   1.3408168e+01
   1.3408168e+01
   1.3408168e+01
   1.3408168e+01
   1.3408168e+01
   1.3408168e+01
   1.3408168e+01
   1.3408168e+01
   1.3408168e+01
   1.3408168e+01
   8.2315451e+00
   8.2315451e+00
   8.2315451e+00
   8.2315451e+00
   8.2315451e+00
   8.2315451e+00
   8.2315451e+00
   8.2315451e+00
   8.2315451e+00
   8.2315451e+00
   8.2315451e+00
   8.2315451e+00
   8.2315451e+00
   8.2315451e+00
   8.2315451e+00
   8.2315451e+00
   8.2315451e+00
   8.2315451e+00
   8.2315451e+00
   8.2315451e+00
   8.2315451e+00
   4.9399980e+00
   4.9399980e+00
   4.9399980e+00
   4.9399980e+00
   4.9399980e+00
   4.9399980e+00
   4.9399980e+00
   4.9399980e+00
   4.9399980e+00
   1.8945433e+00
   1.8945433e+00
   1.8945433e+00
   1.8945433e+00
   1.8945433e+00
   1.8945433e+00
   1.8945433e+00
   1.8945433e+00
   1.8945433e+00
   1.8945433e+00
   1.8945433e+00
   1.8945433e+00
   1.8945433e+00
   1.8945433e+00
   1.8945433e+00
   1.8945433e+00
   1.8945433e+00
   1.8945433e+00
   1.8945433e+00
   1.8945433e+00
   1.8945433e+00
   1.8945433e+00
   1.8945433e+00
   1.8945433e+00
   1.8945433e+00
   1.8945433e+00
   1.8945433e+00
   1.8945433e+00
   1.8945433e+00
   1.8945433e+00
   1.8945433e+00
   1.8945433e+00
   1.8945433e+00
   1.8945433e+00
   1.8945433e+00
   1.8945433e+00
   1.8945433e+00
   1.8945433e+00
   1.8945433e+00
   1.8945433e+00
   1.8945433e+00
   1.7598899e+00
   1.3008093e+00
   1.3008093e+00
   1.3008093e+00
   1.3008093e+00
   1.3008093e+00
   1.1311181e+00
   1.1311181e+00
   1.1311181e+00
   1.1311181e+00
   9.3575168e-01
   9.3575168e-01
   9.3575168e-01
   8.1024056e-01
   8.1024056e-01
   8.1024056e-01
   8.1024056e-01
   8.1024056e-01
   8.1024056e-01
   8.1024056e-01
   8.1024056e-01
   8.1024056e-01
   8.1024056e-01
   6.2356135e-01
   6.2356135e-01
   6.2356135e-01
   6.2356135e-01
   6.2356135e-01
   6.2356135e-01
   6.2356135e-01
   6.2356135e-01
   6.2356135e-01
   6.2356135e-01
   6.2356135e-01
   6.1284512e-01
   6.1284512e-01
   6.1284512e-01
   6.1284512e-01
   6.1284512e-01
   6.1284512e-01
   5.2686226e-01
   5.2686226e-01
   5.2686226e-01
   5.2686226e-01
   5.2686226e-01
   5.2686226e-01
   5.2686226e-01
   4.6637355e-01
   3.8828718e-01
   3.8828718e-01
   3.8828718e-01
   3.8828718e-01
   3.8828718e-01
   3.8828718e-01
   3.8828718e-01
   3.4457726e-01
   3.4457726e-01
   3.4457726e-01
   3.4457726e-01
   3.4457726e-01
   3.4457726e-01
   3.4457726e-01
   3.4457726e-01
   3.4457726e-01
   3.4457726e-01
   3.4457726e-01
   3.4457726e-01
   3.4457726e-01
   2.0278492e-01
   2.0278492e-01
   2.0278492e-01
   2.0278492e-01
   2.0278492e-01
   2.0278492e-01
   2.0278492e-01
   2.0278492e-01
   2.0278492e-01
   2.0278492e-01
   2.0278492e-01
   2.0278492e-01
   1.7390471e-01
   1.7390471e-01
   1.3068922e-01
   8.0395249e-02
   8.0395249e-02
   8.0395249e-02
   8.0395249e-02
   8.0395249e-02
   8.0395249e-02
   8.0395249e-02
   8.0395249e-02
   8.0395249e-02
   8.0395249e-02
   8.0395249e-02
   8.0395249e-02
   8.0395249e-02
   8.0395249e-02
   8.0395249e-02
   8.0395249e-02
   8.0395249e-02
   8.0395249e-02
   8.0395249e-02
   8.0395249e-02
   7.5643479e-02
   7.5643479e-02
   6.8283401e-02
   6.8283401e-02
   6.0831866e-02
   6.0831866e-02
   6.0831866e-02
   6.0831866e-02
   6.0831866e-02
   6.0831866e-02
   6.0831866e-02
   6.0831866e-02
   6.0831866e-02
   6.0831866e-02
   6.0831866e-02
   6.0831866e-02
   6.0831866e-02
   5.4380195e-02
   5.4380195e-02
   5.4380195e-02
   5.4380195e-02
   5.4380195e-02
   5.4380195e-02
   5.4380195e-02
   5.4380195e-02
   5.4380195e-02
   5.4380195e-02
   5.4380195e-02
   5.4380195e-02
   4.9409005e-02
   4.9409005e-02
   4.9409005e-02
   4.2163072e-02
   4.2163072e-02
   3.0838574e-02
   3.0838574e-02
   3.0838574e-02
   2.6957706e-02
   2.6957706e-02
   2.6957706e-02
   2.6957706e-02
   2.6957706e-02
   2.6957706e-02
   2.6957706e-02
   2.6957706e-02
   2.6957706e-02
   2.6957706e-02
   2.6957706e-02
   2.6957706e-02
   2.6957706e-02
   2.6957706e-02
   2.6957706e-02
   2.6957706e-02
   2.6957706e-02
   2.6957706e-02
   2.6957706e-02
   2.6957706e-02
   2.6957706e-02
   2.6957706e-02
   2.6957706e-02
   2.6957706e-02
   2.6957706e-02
   2.6957706e-02
   2.6957706e-02
   2.6957706e-02
   2.6957706e-02
   2.6957706e-02
   2.6957706e-02
   2.6957706e-02
   2.6957706e-02
   2.3448356e-02
   2.3448356e-02
   2.3448356e-02
   2.3448356e-02
   2.3448356e-02
   1.6556927e-02
   1.6556927e-02
   1.6556927e-02
   1.6556927e-02
   1.6556927e-02
   1.6556927e-02
   1.6556927e-02
   1.6556927e-02
   1.0879286e-02
   1.0879286e-02
   1.0879286e-02
   1.0879286e-02
   1.0879286e-02
   1.0879286e-02
   1.0879286e-02
   1.0879286e-02
   1.0879286e-02
   1.0879286e-02
   1.0879286e-02
   1.0879286e-02
   1.0879286e-02
   1.0879286e-02
   1.0879286e-02
   1.0879286e-02
   1.0879286e-02
   1.0879286e-02
   1.0879286e-02
   1.0879286e-02
   8.8123703e-03
   8.8123703e-03
   8.8123703e-03
   8.8123703e-03
   8.8123703e-03
   8.8123703e-03
   8.8123703e-03
   8.8123703e-03
   8.8123703e-03
   8.8123703e-03
   8.8123703e-03
   8.8123703e-03
   8.8123703e-03
   8.8123703e-03
   8.8123703e-03
   8.8123703e-03
   8.0543531e-03
   7.5145159e-03
   5.1419448e-03
   5.1419448e-03
   5.1419448e-03
   5.1419448e-03
   5.1419448e-03
   5.1419448e-03
   5.1419448e-03
   5.1419448e-03
   5.1419448e-03
   5.1419448e-03
   5.1419448e-03
   5.1419448e-03
   5.1419448e-03
   5.1419448e-03
   5.1419448e-03
   5.1419448e-03
   5.1419448e-03
   5.1419448e-03
   5.1419448e-03
   5.1419448e-03
   5.1419448e-03
   5.1419448e-03
   5.1419448e-03
   5.1419448e-03
   5.1419448e-03
   3.6443822e-03
   3.6443822e-03
   3.6443822e-03
   3.6443822e-03
   3.6443822e-03
   3.6443822e-03
   3.6443822e-03
   3.6443822e-03
   3.6443822e-03
   3.6443822e-03
   3.6443822e-03
   3.6443822e-03
   3.6443822e-03
   3.6443822e-03
   3.6443822e-03
   3.6443822e-03
   3.6443822e-03
   3.6443822e-03
   2.7765196e-03
   2.7765196e-03
   2.7765196e-03
   2.7765196e-03
   2.7765196e-03
   2.7765196e-03
   2.7765196e-03
   2.7765196e-03
   2.7765196e-03
   2.7765196e-03
   2.7765196e-03
   2.7765196e-03
   2.7765196e-03
   2.7765196e-03
   2.7765196e-03
   2.7765196e-03
   2.7765196e-03
   2.7765196e-03
   2.7765196e-03
   2.7765196e-03
   2.7765196e-03
   2.7765196e-03
   2.7765196e-03
   2.7765196e-03
   2.7209106e-03
   2.7209106e-03
   2.7209106e-03
   2.7209106e-03
   2.7209106e-03
   2.7209106e-03
   2.6522194e-03
   2.6522194e-03
   2.6522194e-03
   2.6522194e-03
   2.5882532e-03
   2.5882532e-03
   2.5882532e-03
   2.5265984e-03
   2.5265984e-03
   2.5265984e-03
   2.5265984e-03
   2.5265984e-03
   2.5265984e-03
   2.5265984e-03
   2.5265984e-03
   2.5265984e-03
   2.5265984e-03
   2.5265984e-03
   2.5265984e-03
   2.3853511e-03
   2.3853511e-03
   2.3853511e-03
   2.3853511e-03
   2.3853511e-03
   2.3853511e-03
   2.3853511e-03
   2.3853511e-03
   2.3828111e-03
   2.3355761e-03
   2.3355761e-03
   2.2843731e-03
   2.2843731e-03
   2.2843731e-03
   2.2843731e-03
   2.2843731e-03
   2.2843731e-03
   2.2843731e-03
   2.2112750e-03
   2.2112750e-03
   2.1378524e-03
   2.1378524e-03
   2.1378524e-03
   2.1378524e-03
   2.1378524e-03
   2.1378524e-03
   2.1378524e-03
   2.1378524e-03
   2.1378524e-03
   2.1378524e-03
   2.1378524e-03
   2.1378524e-03
   2.1074397e-03
   2.1074397e-03
   2.0785349e-03
   2.0785349e-03
   2.0748818e-03
   2.0748818e-03
   2.0748818e-03
   2.0748818e-03
   2.0748818e-03
   2.0748818e-03
   2.0748818e-03
   2.0748818e-03
   2.0748818e-03
   2.0748818e-03
   2.0700111e-03
   2.0700111e-03
   2.0700111e-03
   2.0700111e-03
   2.0700111e-03
   2.0700111e-03
   2.0507257e-03
   2.0500157e-03
   2.0124740e-03
   2.0124740e-03
   2.0124740e-03
   2.0124740e-03
   2.0124740e-03
   2.0124740e-03
   2.0124740e-03
   2.0124740e-03
   2.0124740e-03
   2.0124740e-03
   2.0124740e-03
   2.0124740e-03
   2.0124740e-03
   2.0110192e-03
   2.0110192e-03
   2.0110192e-03
   2.0110192e-03
   2.0051390e-03
   2.0051390e-03
   2.0051390e-03
   2.0051390e-03
   1.9906759e-03
   1.9794688e-03
   1.9794688e-03
   1.9794688e-03
   1.9794688e-03
   1.9794688e-03
   1.9794688e-03
   1.9794688e-03
   1.9794688e-03
   1.9794688e-03
   1.9794688e-03
   1.9794688e-03
   1.9794688e-03
   1.9794688e-03
   1.9794688e-03
   1.9794688e-03
   1.9794688e-03
   1.9794688e-03
   1.9794688e-03
   1.9794688e-03
   1.9794688e-03
   1.9794688e-03
   1.9794688e-03
   1.9789396e-03
   1.9789396e-03
   1.9752612e-03
   1.9752612e-03
   1.9752612e-03
   1.9752612e-03
   1.9751894e-03
   1.9751894e-03
   1.9751894e-03
   1.9751894e-03
   1.9751894e-03
   1.9723997e-03
   1.9723997e-03
   1.9723997e-03
   1.9723997e-03
   1.9666590e-03
   1.9666590e-03
   1.9666590e-03
   1.9666590e-03
   1.9666590e-03
   1.9666590e-03
   1.9666590e-03
   1.9666590e-03
   1.9666590e-03
   1.9666590e-03
   1.9666590e-03
   1.9666590e-03
   1.9666590e-03
   1.9666590e-03
   1.9666590e-03
   1.9666590e-03
   1.9666590e-03
   1.9666590e-03
   1.9632085e-03
   1.9632085e-03
   1.9632085e-03
   1.9632085e-03
   1.9632085e-03
   1.9632085e-03
   1.9632085e-03
   1.9632085e-03
   1.9632085e-03
   1.9632085e-03
   1.9632085e-03
   1.9632085e-03
   1.9632085e-03
   1.9632085e-03
   1.9632085e-03
   1.9632085e-03
   1.9632085e-03
   1.9632085e-03
   1.9632085e-03
   1.9632085e-03
   1.9632085e-03
   1.9632085e-03
   1.9632085e-03
   1.9622899e-03
   1.9618094e-03
   1.9618094e-03
   1.9618094e-03
   1.9618094e-03
   1.9618094e-03
   1.9618094e-03
   1.9615385e-03
   1.9615385e-03
   1.9615385e-03
   1.9615385e-03
   1.9615385e-03
   1.9615385e-03
   1.9615385e-03
   1.9615385e-03
   1.9615385e-03
   1.9615385e-03
   1.9615385e-03
   1.9615385e-03
   1.9615385e-03
   1.9615385e-03
   1.9615385e-03
   1.9615385e-03
   1.9615385e-03
   1.9615385e-03
   1.9615385e-03
   1.9615385e-03
   1.9615385e-03
   1.9615385e-03
   1.9615385e-03
   1.9614083e-03
   1.9614083e-03
   1.9614083e-03
   1.9614083e-03
   1.9614083e-03
   1.9614083e-03
   1.9614083e-03
   1.9614083e-03
   1.9614083e-03
   1.9614083e-03
   1.9614083e-03
   1.9614083e-03
   1.9614083e-03
   1.9614083e-03
   1.9613931e-03
   1.9613087e-03
   1.9613087e-03
   1.9613087e-03
   1.9613087e-03
   1.9613087e-03
   1.9613087e-03
   1.9613087e-03
   1.9613087e-03
   1.9613087e-03
   1.9613087e-03
   1.9613087e-03
   1.9613087e-03
   1.9613087e-03
   1.9612140e-03
   1.9612140e-03
   1.9610900e-03
   1.9610900e-03
   1.9610900e-03
   1.9610900e-03
   1.9610900e-03
   1.9610900e-03
   1.9610900e-03
   1.9610196e-03
   1.9610196e-03
   1.9610196e-03
   1.9610196e-03
   1.9610196e-03
   1.9610196e-03
   1.9609040e-03
   1.9609040e-03
   1.9609040e-03
   1.9609040e-03
   1.9609040e-03
   1.9609040e-03
   1.9609040e-03
   1.9609040e-03
   1.9609040e-03
   1.9609040e-03
   1.9609040e-03
   1.9609040e-03
   1.9609040e-03
   1.9609040e-03
   1.9609040e-03
   1.9609040e-03
   1.9609040e-03
   1.9609040e-03
   1.9609040e-03
   1.9609040e-03
   1.9609040e-03
   1.9609040e-03
   1.9609040e-03
   1.9609040e-03
   1.9609040e-03
   1.9609040e-03
   1.9609040e-03
   1.9609040e-03
   1.9609040e-03
   1.9609040e-03
   1.9609040e-03
   1.9609040e-03
   1.9609040e-03
   1.9609040e-03
   1.9608981e-03
   1.9608981e-03
   1.9608902e-03
   1.9608902e-03
   1.9608902e-03
   1.9608902e-03
   1.9608902e-03
   1.9608902e-03
   1.9608902e-03
   1.9608902e-03
   1.9608902e-03
   1.9608902e-03
   1.9608902e-03
   1.9608902e-03
   1.9608902e-03
   1.9608902e-03
   1.9608902e-03
   1.9608902e-03
   1.9608902e-03
   1.9608902e-03
   1.9608902e-03
   1.9608902e-03
   1.9608902e-03
   1.9608714e-03
   1.9608714e-03
   1.9608714e-03
   1.9608714e-03
   1.9608714e-03
   1.9608714e-03
   1.9608714e-03
   1.9608714e-03
   1.9608714e-03
   1.9608714e-03
   1.9608714e-03
   1.9608714e-03
   1.9608714e-03
   1.9608656e-03
   1.9608656e-03
   1.9608656e-03
   1.9608627e-03
   1.9608627e-03
   1.9608627e-03
   1.9608627e-03
   1.9608627e-03
   1.9608627e-03
   1.9608627e-03
   1.9608627e-03
   1.9608627e-03
   1.9608627e-03
   1.9608627e-03
   1.9608627e-03
   1.9608627e-03
   1.9608610e-03
   1.9608610e-03
   1.9608593e-03
   1.9608560e-03
   1.9608560e-03
   1.9608560e-03
   1.9608560e-03
   1.9608560e-03
   1.9608519e-03
   1.9608519e-03
   1.9608519e-03
   1.9608519e-03
   1.9608519e-03
   1.9608519e-03
   1.9608519e-03
   1.9608519e-03
   1.9608519e-03
   1.9608519e-03
   1.9608504e-03
   1.9608504e-03
   1.9608504e-03
   1.9608504e-03
   1.9608504e-03
   1.9608504e-03
   1.9608496e-03
   1.9608496e-03
   1.9608496e-03
   1.9608496e-03
   1.9608496e-03
   1.9608496e-03
   1.9608496e-03
   1.9608496e-03
   1.9608496e-03
   1.9608496e-03
   1.9608496e-03
   1.9608496e-03
   1.9608490e-03
   1.9608490e-03
   1.9608466e-03
   1.9608466e-03
   1.9608464e-03
   1.9608460e-03
   1.9608460e-03
   1.9608460e-03
   1.9608460e-03
   1.9608460e-03
   1.9608460e-03
   1.9608460e-03
   1.9608455e-03
   1.9608455e-03
   1.9608455e-03
   1.9608454e-03
   1.9608454e-03
   1.9608454e-03
   1.9608454e-03
   1.9608454e-03
   1.9608451e-03
   1.9608448e-03
   1.9608448e-03
   1.9608448e-03
   1.9608448e-03
   1.9608448e-03
   1.9608448e-03
   1.9608447e-03
   1.9608447e-03
   1.9608447e-03
   1.9608447e-03
   1.9608447e-03
   1.9608447e-03
   1.9608447e-03
   1.9608447e-03
   1.9608447e-03
   1.9608447e-03
   1.9608447e-03
   1.9608447e-03
   1.9608447e-03
   1.9608447e-03
   1.9608447e-03
