   1.1123977e+14
   1.1123977e+14
   1.1123977e+14
   1.1123977e+14
   5.0871768e+13
   1.8485420e+03
   1.8485420e+03
   1.8485420e+03
   1.8485420e+03
   1.8485420e+03
   1.8485420e+03
   1.8485420e+03
   1.8485420e+03
   1.8485420e+03
   1.8485420e+03
   1.8485420e+03
   1.8485420e+03
   1.8485420e+03
   1.8485420e+03
   1.8485420e+03
   1.8485420e+03
   1.8485420e+03
   9.1357281e+02
   9.1357281e+02
   9.1357281e+02
   9.1357281e+02
   9.1357281e+02
   9.1357281e+02
   9.1357281e+02
   9.1357281e+02
   9.1357281e+02
   9.1357281e+02
   5.7582430e+02
   5.7582430e+02
   5.7582430e+02
   4.2826596e+02
   4.2826596e+02
   4.2826596e+02
   4.2826596e+02
   4.2826596e+02
   4.2826596e+02
   4.2826596e+02
   4.2826596e+02
   4.2826596e+02
   4.2826596e+02
   4.2826596e+02
   4.2826596e+02
   9.4144021e+01
   9.4144021e+01
   9.4144021e+01
   9.4144021e+01
   9.4144021e+01
   9.4144021e+01
   9.4144021e+01
   9.4144021e+01
   9.4144021e+01
   9.4144021e+01
   9.4144021e+01
   9.4144021e+01
   9.4144021e+01
   9.4144021e+01
   9.4144021e+01
   9.4144021e+01
   9.4144021e+01
   9.4144021e+01
   9.4144021e+01
   9.4144021e+01
   9.4144021e+01
   9.4144021e+01
   9.4144021e+01
   9.4144021e+01
   9.4144021e+01
   9.4144021e+01
   9.4144021e+01
   9.4144021e+01
   9.4144021e+01
   9.4144021e+01
   9.4144021e+01
   9.4144021e+01
   9.4144021e+01
   9.4144021e+01
   9.4144021e+01
   9.4144021e+01
   9.4144021e+01
   9.4144021e+01
   9.4144021e+01
   9.4144021e+01
   9.4144021e+01
   9.4144021e+01
   9.4144021e+01
   9.4144021e+01
   9.4144021e+01
   9.4144021e+01
   9.4144021e+01
   9.4144021e+01
   9.4144021e+01
   9.4144021e+01
   9.4144021e+01
   9.4144021e+01
   8.1852617e+01
   8.1852617e+01
   8.1852617e+01
   8.1852617e+01
   8.1852617e+01
   8.1852617e+01
   8.1852617e+01
   8.1852617e+01
   8.1852617e+01
   8.1852617e+01
   8.1852617e+01
   8.1852617e+01
   8.1852617e+01
   8.1852617e+01
   8.1852617e+01
   8.1852617e+01
   8.1852617e+01
   7.7990726e+01
   4.8255498e+01
   4.8255498e+01
   4.8255498e+01
   4.8255498e+01
   4.8255498e+01
   4.8255498e+01
   4.8255498e+01
   4.8255498e+01
   4.8255498e+01
   2.9741573e+01
   2.9741573e+01
   2.9741573e+01
   2.9741573e+01
   2.9741573e+01
   2.9741573e+01
   2.9741573e+01
   2.9741573e+01
   2.9741573e+01
   2.9741573e+01
   2.9741573e+01
   2.9741573e+01
   2.9741573e+01
   2.9741573e+01
   2.9741573e+01
   2.9741573e+01
   2.9741573e+01
   2.9741573e+01
   2.9741573e+01
   2.9741573e+01
   2.9741573e+01
   2.9741573e+01
   2.9741573e+01
   2.9741573e+01
   2.9741573e+01
   2.9741573e+01
   2.9741573e+01
   2.9741573e+01
   2.4957453e+01
   2.4957453e+01
   2.4957453e+01
   2.4957453e+01
   2.4957453e+01
   2.4957453e+01
   2.4957453e+01
   2.4957453e+01
   2.4957453e+01
   2.4957453e+01
   2.4957453e+01
   1.5881642e+01
   1.5881642e+01
   1.5881642e+01
   1.5881642e+01
   1.5881642e+01
   1.5881642e+01
   1.5881642e+01
   1.5881642e+01
   1.5881642e+01
   1.5881642e+01
   1.5881642e+01
   1.3584269e+01
   1.3584269e+01
   1.3584269e+01
   1.3584269e+01
   1.3584269e+01
   1.3584269e+01
   1.3584269e+01
   1.3584269e+01
   1.3584269e+01
   1.3584269e+01
   1.3584269e+01
   1.3584269e+01
   1.3584269e+01
   1.3584269e+01
   1.3584269e+01
   1.3584269e+01
   1.1716556e+01
   1.1716556e+01
   1.1716556e+01
   1.1716556e+01
   1.1716556e+01
   1.1716556e+01
   1.1716556e+01
   1.1716556e+01
   7.9010603e+00
   7.9010603e+00
   7.9010603e+00
   7.9010603e+00
   7.9010603e+00
   7.9010603e+00
   7.9010603e+00
   7.9010603e+00
   7.9010603e+00
   7.9010603e+00
   7.9010603e+00
   7.9010603e+00
   7.9010603e+00
   7.9010603e+00
   7.9010603e+00
   7.9010603e+00
   7.9010603e+00
   7.9010603e+00
   7.9010603e+00
   7.5979651e+00
   7.1266465e+00
   7.1266465e+00
   7.1266465e+00
   7.1266465e+00
   7.1266465e+00
   7.1266465e+00
   6.5048468e+00
   6.5048468e+00
   6.5048468e+00
   6.5048468e+00
   6.5048468e+00
   6.5048468e+00
   6.5048468e+00
   6.5048468e+00
   6.5048468e+00
   6.5048468e+00
   6.1548109e+00
   6.1548109e+00
   6.1548109e+00
   6.1548109e+00
   6.1548109e+00
   6.1548109e+00
   6.0332904e+00
   6.0332904e+00
   6.0332904e+00
   6.0332904e+00
   6.0332904e+00
   6.0332904e+00
   6.0332904e+00
   5.3218501e+00
   5.3218501e+00
   5.3218501e+00
   5.3218501e+00
   5.3218501e+00
   5.3218501e+00
   5.3218501e+00
   5.3218501e+00
   5.3218501e+00
   5.3218501e+00
   5.3218501e+00
   5.3218501e+00
   5.3218501e+00
   5.3218501e+00
   5.3218501e+00
   5.3218501e+00
   5.3218501e+00
   5.3218501e+00
   5.3218501e+00
   5.3218501e+00
   5.3218501e+00
   5.3218501e+00
   5.3218501e+00
   5.3218501e+00
   5.3218501e+00
   5.0440279e+00
   5.0440279e+00
   5.0440279e+00
   5.0440279e+00
   5.0440279e+00
   5.0440279e+00
   5.0440279e+00
   4.9302977e+00
   4.9302977e+00
   4.9302977e+00
   4.8227674e+00
   4.8227674e+00
   4.7727013e+00
   4.7727013e+00
   4.7727013e+00
   4.7727013e+00
   4.7727013e+00
   4.7727013e+00
   4.7727013e+00
   4.7727013e+00
   4.7727013e+00
   4.7727013e+00
   4.5563561e+00
   4.5563561e+00
   4.5563561e+00
   4.5563561e+00
   4.5563561e+00
   4.5563561e+00
   4.5563561e+00
   4.5563561e+00
   4.5563561e+00
   4.5563561e+00
   4.5563561e+00
   4.5563561e+00
   4.5563561e+00
   4.5563561e+00
   4.5563561e+00
   4.5563561e+00
   4.5563561e+00
   4.5563561e+00
   4.5563561e+00
   4.5563561e+00
   4.5563561e+00
   4.5563561e+00
   4.5532806e+00
   4.5532806e+00
   4.5532806e+00
   4.5164142e+00
   4.5164142e+00
   4.4744387e+00
   4.4744387e+00
   4.4744387e+00
   4.4744387e+00
   4.4744387e+00
   4.4744387e+00
   4.4744387e+00
   4.4744387e+00
   4.4744387e+00
   4.4744387e+00
   4.4744387e+00
   4.4744387e+00
   4.4744387e+00
   4.4744387e+00
   4.4744387e+00
   4.4744387e+00
   4.4408180e+00
   4.4372867e+00
   4.4372867e+00
   4.4372867e+00
   4.4372867e+00
   4.4372867e+00
   4.4304042e+00
   4.4056404e+00
   4.4056404e+00
   4.4056404e+00
   4.4056404e+00
   4.4056404e+00
   4.4056404e+00
   4.4056404e+00
   4.4056404e+00
   4.4056404e+00
   4.4056404e+00
   4.4056404e+00
   4.4056404e+00
   4.4056404e+00
   4.4056404e+00
   4.4056404e+00
   4.4056404e+00
   4.4056404e+00
   4.4056404e+00
   4.4056404e+00
   4.4056404e+00
   4.4056404e+00
   4.4056404e+00
   4.4056404e+00
   4.4056404e+00
   4.4056404e+00
   4.4056404e+00
   4.4056404e+00
   4.4056404e+00
   4.4056404e+00
   4.4056404e+00
   4.3738353e+00
   4.3738353e+00
   4.3738353e+00
   4.3738353e+00
   4.3738353e+00
   4.3738353e+00
   4.3738353e+00
   4.3738353e+00
   4.3738353e+00
   4.3738353e+00
   4.3738353e+00
   4.3738353e+00
   4.3738353e+00
   4.3738353e+00
   4.3738353e+00
   4.3738353e+00
   4.3738353e+00
   4.3738353e+00
   4.3738353e+00
   4.3738353e+00
   4.3738353e+00
   4.3738353e+00
   4.3738353e+00
   4.3738353e+00
   4.3738353e+00
   4.3738353e+00
   4.3738353e+00
   4.3738353e+00
   4.3718115e+00
   4.3718115e+00
   4.3718115e+00
   4.3718115e+00
   4.3718115e+00
   4.3718115e+00
   4.3718115e+00
   4.3718115e+00
   4.3718115e+00
   4.3718115e+00
   4.3718115e+00
   4.3718115e+00
   4.3718115e+00
   4.3718115e+00
   4.3718115e+00
   4.3686932e+00
   4.3686932e+00
   4.3686932e+00
   4.3668147e+00
   4.3668147e+00
   4.3668147e+00
   4.3668147e+00
   4.3597104e+00
   4.3597104e+00
   4.3597104e+00
   4.3597104e+00
   4.3597104e+00
   4.3597104e+00
   4.3570058e+00
   4.3570058e+00
   4.3570058e+00
   4.3570058e+00
   4.3570058e+00
   4.3570058e+00
   4.3570058e+00
   4.3570058e+00
   4.3570058e+00
   4.3570058e+00
   4.3570058e+00
   4.3570058e+00
   4.3570058e+00
   4.3570058e+00
   4.3570058e+00
   4.3570058e+00
   4.3570058e+00
   4.3570058e+00
   4.3570058e+00
   4.3570058e+00
   4.3570058e+00
   4.3570058e+00
   4.3570058e+00
   4.3570058e+00
   4.3570058e+00
   4.3570058e+00
   4.3570058e+00
   4.3570058e+00
   4.3570058e+00
   4.3570058e+00
   4.3570058e+00
   4.3570058e+00
   4.3570058e+00
   4.3570058e+00
   4.3570058e+00
   4.3570058e+00
   4.3570058e+00
   4.3570058e+00
   4.3570058e+00
   4.3570058e+00
   4.3570058e+00
   4.3570058e+00
   4.3570058e+00
   4.3570058e+00
   4.3555636e+00
   4.3555636e+00
   4.3555636e+00
   4.3555636e+00
   4.3555636e+00
   4.3555636e+00
   4.3555636e+00
   4.3555636e+00
   4.3555636e+00
   4.3555636e+00
   4.3555636e+00
   4.3555636e+00
   4.3555636e+00
   4.3555636e+00
   4.3555636e+00
   4.3555636e+00
   4.3555636e+00
   4.3555636e+00
   4.3554830e+00
   4.3554830e+00
   4.3554830e+00
   4.3554830e+00
   4.3554830e+00
   4.3552081e+00
   4.3552081e+00
   4.3552081e+00
   4.3552081e+00
   4.3552081e+00
   4.3550550e+00
   4.3550550e+00
   4.3550188e+00
   4.3549975e+00
   4.3549975e+00
   4.3549975e+00
   4.3549838e+00
   4.3548052e+00
   4.3548052e+00
   4.3548052e+00
   4.3548052e+00
   4.3548052e+00
   4.3548052e+00
   4.3548052e+00
   4.3548052e+00
   4.3548052e+00
   4.3548052e+00
   4.3548052e+00
   4.3548052e+00
   4.3548052e+00
   4.3548052e+00
   4.3548052e+00
   4.3546398e+00
   4.3546398e+00
   4.3546398e+00
   4.3546398e+00
   4.3546398e+00
   4.3546398e+00
   4.3546398e+00
   4.3546398e+00
   4.3546398e+00
   4.3546398e+00
   4.3546398e+00
   4.3546380e+00
   4.3546380e+00
   4.3546380e+00
   4.3546380e+00
   4.3546380e+00
   4.3546380e+00
   4.3546047e+00
   4.3545144e+00
   4.3545144e+00
   4.3545144e+00
   4.3545144e+00
   4.3545144e+00
   4.3545144e+00
   4.3545144e+00
   4.3545144e+00
   4.3545144e+00
   4.3545144e+00
   4.3545144e+00
   4.3545144e+00
   4.3545144e+00
   4.3545144e+00
   4.3545144e+00
   4.3545144e+00
   4.3544931e+00
   4.3544931e+00
   4.3544931e+00
   4.3544931e+00
   4.3544931e+00
   4.3544931e+00
   4.3544931e+00
   4.3544931e+00
   4.3544931e+00
   4.3544931e+00
   4.3544931e+00
   4.3544931e+00
   4.3544931e+00
   4.3544931e+00
   4.3544931e+00
   4.3544931e+00
   4.3544889e+00
   4.3544889e+00
   4.3544889e+00
   4.3544889e+00
   4.3544734e+00
   4.3544675e+00
   4.3544675e+00
   4.3544646e+00
   4.3544646e+00
   4.3544562e+00
   4.3544562e+00
   4.3544562e+00
   4.3544513e+00
   4.3544504e+00
   4.3544504e+00
   4.3544426e+00
   4.3544426e+00
   4.3544416e+00
   4.3544416e+00
   4.3544416e+00
   4.3544416e+00
   4.3544416e+00
   4.3544416e+00
   4.3544416e+00
   4.3544416e+00
   4.3544416e+00
   4.3544416e+00
   4.3544416e+00
   4.3544416e+00
   4.3544416e+00
   4.3544416e+00
   4.3544416e+00
   4.3544416e+00
   4.3544329e+00
   4.3544329e+00
   4.3544329e+00
   4.3544319e+00
   4.3544319e+00
   4.3544319e+00
   4.3544319e+00
   4.3544319e+00
   4.3544319e+00
   4.3544319e+00
   4.3544319e+00
   4.3544319e+00
   4.3544319e+00
   4.3544319e+00
   4.3544319e+00
   4.3544319e+00
   4.3544319e+00
   4.3544319e+00
   4.3544319e+00
   4.3544319e+00
   4.3544319e+00
   4.3544319e+00
   4.3544273e+00
   4.3544273e+00
   4.3544273e+00
   4.3544273e+00
   4.3544273e+00
   4.3544273e+00
   4.3544273e+00
   4.3544273e+00
   4.3544273e+00
   4.3544273e+00
   4.3544273e+00
   4.3544273e+00
   4.3544273e+00
   4.3544273e+00
   4.3544273e+00
   4.3544273e+00
   4.3544273e+00
   4.3544273e+00
   4.3544273e+00
   4.3544273e+00
   4.3544273e+00
   4.3544269e+00
   4.3544269e+00
   4.3544269e+00
   4.3544269e+00
   4.3544269e+00
   4.3544269e+00
   4.3544269e+00
   4.3544269e+00
   4.3544269e+00
   4.3544269e+00
   4.3544269e+00
   4.3544269e+00
   4.3544268e+00
   4.3544268e+00
   4.3544268e+00
   4.3544268e+00
   4.3544268e+00
   4.3544264e+00
   4.3544255e+00
   4.3544255e+00
   4.3544255e+00
   4.3544255e+00
   4.3544255e+00
   4.3544255e+00
   4.3544255e+00
   4.3544255e+00
   4.3544255e+00
   4.3544255e+00
   4.3544255e+00
   4.3544255e+00
   4.3544255e+00
   4.3544255e+00
   4.3544255e+00
   4.3544255e+00
   4.3544255e+00
   4.3544255e+00
   4.3544252e+00
   4.3544252e+00
   4.3544252e+00
   4.3544252e+00
   4.3544252e+00
   4.3544251e+00
   4.3544251e+00
   4.3544251e+00
   4.3544251e+00
   4.3544248e+00
   4.3544248e+00
   4.3544248e+00
   4.3544248e+00
   4.3544248e+00
   4.3544245e+00
   4.3544245e+00
   4.3544245e+00
   4.3544245e+00
   4.3544245e+00
   4.3544245e+00
   4.3544245e+00
   4.3544245e+00
   4.3544245e+00
   4.3544244e+00
   4.3544241e+00
   4.3544241e+00
   4.3544241e+00
   4.3544241e+00
   4.3544241e+00
   4.3544241e+00
   4.3544241e+00
   4.3544241e+00
   4.3544241e+00
   4.3544241e+00
   4.3544241e+00
   4.3544241e+00
   4.3544241e+00
   4.3544241e+00
   4.3544241e+00
   4.3544241e+00
   4.3544240e+00
   4.3544240e+00
   4.3544239e+00
   4.3544239e+00
   4.3544239e+00
   4.3544239e+00
   4.3544239e+00
   4.3544239e+00
   4.3544239e+00
   4.3544239e+00
   4.3544238e+00
   4.3544238e+00
   4.3544238e+00
   4.3544238e+00
   4.3544238e+00
   4.3544238e+00
   4.3544238e+00
   4.3544238e+00
   4.3544238e+00
   4.3544238e+00
   4.3544238e+00
   4.3544238e+00
   4.3544238e+00
   4.3544238e+00
   4.3544237e+00
   4.3544237e+00
   4.3544237e+00
   4.3544237e+00
   4.3544237e+00
   4.3544237e+00
   4.3544237e+00
   4.3544237e+00
   4.3544237e+00
   4.3544237e+00
   4.3544237e+00
   4.3544237e+00
   4.3544237e+00
   4.3544237e+00
   4.3544237e+00
   4.3544237e+00
   4.3544237e+00
   4.3544237e+00
   4.3544237e+00
   4.3544237e+00
   4.3544237e+00
   4.3544237e+00
   4.3544237e+00
   4.3544237e+00
   4.3544237e+00
   4.3544237e+00
   4.3544237e+00
   4.3544237e+00
   4.3544237e+00
   4.3544236e+00
   4.3544236e+00
   4.3544236e+00
   4.3544236e+00
   4.3544236e+00
   4.3544236e+00
   4.3544236e+00
   4.3544236e+00
   4.3544236e+00
   4.3544236e+00
   4.3544236e+00
   4.3544236e+00
   4.3544236e+00
   4.3544236e+00
   4.3544236e+00
   4.3544236e+00
   4.3544236e+00
   4.3544236e+00
   4.3544236e+00
   4.3544236e+00
   4.3544236e+00
   4.3544236e+00
   4.3544236e+00
   4.3544236e+00
   4.3544236e+00
   4.3544236e+00
   4.3544236e+00
   4.3544236e+00
   4.3544236e+00
   4.3544236e+00
   4.3544236e+00
   4.3544236e+00
   4.3544236e+00
   4.3544236e+00
   4.3544236e+00
   4.3544236e+00
   4.3544236e+00
   4.3544236e+00
   4.3544236e+00
   4.3544236e+00
   4.3544236e+00
   4.3544236e+00
   4.3544236e+00
   4.3544236e+00
   4.3544236e+00
   4.3544236e+00
   4.3544236e+00
   4.3544236e+00
   4.3544236e+00
   4.3544236e+00
   4.3544236e+00
   4.3544236e+00
   4.3544236e+00
   4.3544236e+00
   4.3544236e+00
   4.3544236e+00
   4.3544236e+00
   4.3544236e+00
   4.3544236e+00
   4.3544236e+00
   4.3544236e+00
   4.3544236e+00
   4.3544236e+00
   4.3544236e+00
   4.3544236e+00
   4.3544236e+00
   4.3544236e+00
   4.3544236e+00
   4.3544236e+00
   4.3544236e+00
   4.3544236e+00
   4.3544236e+00
   4.3544236e+00
   4.3544236e+00
   4.3544236e+00
   4.3544236e+00
   4.3544236e+00
   4.3544236e+00
   4.3544236e+00
   4.3544236e+00
   4.3544236e+00
   4.3544236e+00
   4.3544236e+00
   4.3544236e+00
   4.3544236e+00
   4.3544236e+00
   4.3544236e+00
   4.3544236e+00
   4.3544236e+00
   4.3544236e+00
   4.3544236e+00
   4.3544236e+00
   4.3544236e+00
   4.3544236e+00
   4.3544236e+00
   4.3544236e+00
   4.3544236e+00
   4.3544236e+00
   4.3544236e+00
   4.3544236e+00
   4.3544236e+00
   4.3544236e+00
   4.3544236e+00
   4.3544236e+00
   4.3544236e+00
   4.3544236e+00
   4.3544236e+00
   4.3544236e+00
   4.3544236e+00
   4.3544236e+00
   4.3544236e+00
   4.3544236e+00
   4.3544236e+00
   4.3544236e+00
   4.3544236e+00
   4.3544236e+00
   4.3544236e+00
   4.3544236e+00
   4.3544236e+00
   4.3544236e+00
   4.3544236e+00
   4.3544236e+00
   4.3544236e+00
   4.3544236e+00
   4.3544236e+00
   4.3544236e+00
   4.3544236e+00
   4.3544236e+00
   4.3544236e+00
   4.3544236e+00
   4.3544236e+00
   4.3544236e+00
   4.3544236e+00
   4.3544236e+00
   4.3544236e+00
   4.3544236e+00
   4.3544236e+00
   4.3544236e+00
   4.3544236e+00
   4.3544236e+00
   4.3544236e+00
   4.3544236e+00
   4.3544236e+00
   4.3544236e+00
   4.3544236e+00
   4.3544236e+00
   4.3544236e+00
   4.3544236e+00
   4.3544236e+00
   4.3544236e+00
   4.3544236e+00
   4.3544236e+00
   4.3544236e+00
   4.3544236e+00
   4.3544236e+00
   4.3544236e+00
   4.3544236e+00
   4.3544236e+00
   4.3544236e+00
   4.3544236e+00
   4.3544236e+00
   4.3544236e+00
   4.3544236e+00
   4.3544236e+00
   4.3544236e+00
   4.3544236e+00
   4.3544236e+00
   4.3544236e+00
   4.3544236e+00
   4.3544236e+00
   4.3544236e+00
   4.3544236e+00
   4.3544236e+00
   4.3544236e+00
   4.3544236e+00
   4.3544236e+00
   4.3544236e+00
   4.3544236e+00
   4.3544236e+00
   4.3544236e+00
   4.3544236e+00
   4.3544236e+00
   4.3544236e+00
   4.3544236e+00
   4.3544236e+00
   4.3544236e+00
   4.3544236e+00
   4.3544236e+00
   4.3544236e+00
   4.3544236e+00
   4.3544236e+00
   4.3544236e+00
   4.3544236e+00
   4.3544236e+00
   4.3544236e+00
   4.3544236e+00
   4.3544236e+00
   4.3544236e+00
   4.3544236e+00
   4.3544236e+00
   4.3544236e+00
   4.3544236e+00
   4.3544236e+00
   4.3544236e+00
   4.3544236e+00
   4.3544236e+00
   4.3544236e+00
   4.3544236e+00
   4.3544236e+00
   4.3544236e+00
   4.3544236e+00
   4.3544236e+00
   4.3544236e+00
   4.3544236e+00
   4.3544236e+00
   4.3544236e+00
   4.3544236e+00
   4.3544236e+00
   4.3544236e+00
