   3.3814971e+11
   3.3814971e+11
   3.3814971e+11
   3.3814971e+11
   1.4142995e+04
   1.4142995e+04
   2.8722785e+03
   2.8722785e+03
   1.5384472e+03
   1.5384472e+03
   1.5384472e+03
   1.5384472e+03
   1.5384472e+03
   1.5384472e+03
   1.5384472e+03
   1.5384472e+03
   1.5384472e+03
   1.5384472e+03
   1.5384472e+03
   1.5384472e+03
   1.5384472e+03
   1.5384472e+03
   1.5384472e+03
   1.5384472e+03
   1.5384472e+03
   8.8126198e+02
   8.8126198e+02
   8.8126198e+02
   8.8126198e+02
   8.8126198e+02
   8.8126198e+02
   8.8126198e+02
   8.8126198e+02
   8.8126198e+02
   8.8126198e+02
   8.8126198e+02
   8.8126198e+02
   6.8628637e+02
   6.8628637e+02
   6.8628637e+02
   6.8628637e+02
   6.8628637e+02
   6.8628637e+02
   6.8628637e+02
   6.8628637e+02
   6.8628637e+02
   6.8628637e+02
   6.8628637e+02
   6.8628637e+02
   6.8628637e+02
   6.3657452e+02
   6.3657452e+02
   6.3657452e+02
   6.3657452e+02
   6.3657452e+02
   6.3657452e+02
   6.3657452e+02
   6.3657452e+02
   6.3657452e+02
   6.3657452e+02
   6.3657452e+02
   6.3657452e+02
   6.3657452e+02
   6.3657452e+02
   6.3657452e+02
   6.3657452e+02
   6.3657452e+02
   6.3657452e+02
   6.3657452e+02
   6.3657452e+02
   4.0657742e+02
   4.0657742e+02
   4.0657742e+02
   4.0657742e+02
   4.0657742e+02
   4.0657742e+02
   4.0657742e+02
   4.0657742e+02
   4.0657742e+02
   4.0657742e+02
   4.0657742e+02
   4.0657742e+02
   4.0657742e+02
   4.0657742e+02
   4.0657742e+02
   3.6819348e+02
   3.6819348e+02
   3.6819348e+02
   3.5974429e+02
   3.5974429e+02
   3.5974429e+02
   3.5974429e+02
   3.5974429e+02
   3.5974429e+02
   2.4820807e+02
   2.4820807e+02
   2.4820807e+02
   2.4820807e+02
   2.4820807e+02
   2.4820807e+02
   2.4820807e+02
   2.4820807e+02
   2.4820807e+02
   2.4820807e+02
   2.4820807e+02
   2.4820807e+02
   2.4820807e+02
   2.4715590e+02
   2.3577710e+02
   2.1171433e+02
   2.1171433e+02
   1.7682976e+02
   1.7352383e+02
   1.7352383e+02
   1.7352383e+02
   1.7352383e+02
   1.4601466e+02
   1.4601466e+02
   1.4601466e+02
   1.4601466e+02
   1.4601466e+02
   1.4601466e+02
   1.4601466e+02
   7.7173020e+01
   7.7173020e+01
   7.7173020e+01
   7.7173020e+01
   7.7173020e+01
   7.7173020e+01
   4.1572359e+01
   4.1572359e+01
   4.1572359e+01
   4.1572359e+01
   4.1572359e+01
   4.1572359e+01
   4.1572359e+01
   4.1572359e+01
   4.1572359e+01
   4.1572359e+01
   4.1572359e+01
   4.1572359e+01
   4.1572359e+01
   4.1572359e+01
   4.1572359e+01
   4.1572359e+01
   4.1572359e+01
   4.1572359e+01
   4.1572359e+01
   3.2956444e+01
   3.2956444e+01
   3.2956444e+01
   3.2956444e+01
   3.2956444e+01
   3.2956444e+01
   3.2956444e+01
   3.2956444e+01
   3.2956444e+01
   3.2956444e+01
   3.2956444e+01
   3.2956444e+01
   3.2956444e+01
   3.2956444e+01
   3.2956444e+01
   3.2956444e+01
   3.2956444e+01
   3.2956444e+01
   3.2956444e+01
   2.8461781e+01
   2.8461781e+01
   2.8461781e+01
   2.8461781e+01
   2.8461781e+01
   2.8461781e+01
   2.8461781e+01
   2.8461781e+01
   2.8461781e+01
   2.8461781e+01
   2.8461781e+01
   2.8461781e+01
   2.8461781e+01
   2.8461781e+01
   2.8461781e+01
   2.8461781e+01
   2.8461781e+01
   2.8461781e+01
   2.8461781e+01
   2.5267131e+01
   2.3710558e+01
   1.1295644e+01
   1.1295644e+01
   1.1295644e+01
   1.1295644e+01
   1.1295644e+01
   1.1295644e+01
   1.1295644e+01
   1.1295644e+01
   1.1295644e+01
   1.1295644e+01
   1.1295644e+01
   1.1295644e+01
   1.1295644e+01
   1.1295644e+01
   1.1295644e+01
   1.1295644e+01
   1.1295644e+01
   1.1295644e+01
   1.1295644e+01
   1.1295644e+01
   1.1295644e+01
   1.1295644e+01
   1.1295644e+01
   1.1295644e+01
   1.1295644e+01
   1.1295644e+01
   1.1295644e+01
   1.1295644e+01
   1.0775278e+01
   1.0775278e+01
   1.0775278e+01
   1.0775278e+01
   1.0775278e+01
   8.6960006e+00
   8.6960006e+00
   8.6960006e+00
   8.6960006e+00
   8.6960006e+00
   8.6960006e+00
   8.6960006e+00
   8.6960006e+00
   8.6960006e+00
   8.6960006e+00
   8.6960006e+00
   8.6960006e+00
   8.6960006e+00
   8.6960006e+00
   8.6960006e+00
   8.6960006e+00
   8.6960006e+00
   8.6960006e+00
   8.6960006e+00
   7.7150533e+00
   7.7150533e+00
   7.7150533e+00
   7.7150533e+00
   7.7150533e+00
   7.7150533e+00
   7.7150533e+00
   7.7150533e+00
   7.7150533e+00
   7.1845207e+00
   7.1845207e+00
   7.1845207e+00
   7.1845207e+00
   7.1845207e+00
   7.1845207e+00
   6.9670098e+00
   6.9670098e+00
   6.9670098e+00
   6.9670098e+00
   6.9670098e+00
   6.9670098e+00
   6.9670098e+00
   6.2890447e+00
   6.2890447e+00
   6.2890447e+00
   6.1620589e+00
   6.1620589e+00
   6.1620589e+00
   6.1620589e+00
   6.1620589e+00
   6.0370396e+00
   6.0370396e+00
   5.3739064e+00
   5.3739064e+00
   5.3739064e+00
   5.3739064e+00
   5.3739064e+00
   5.3739064e+00
   5.3739064e+00
   5.3739064e+00
   5.3739064e+00
   5.3739064e+00
   5.3739064e+00
   5.3739064e+00
   5.3739064e+00
   5.3739064e+00
   5.3739064e+00
   5.3739064e+00
   5.3739064e+00
   5.3739064e+00
   5.3739064e+00
   5.3739064e+00
   5.3739064e+00
   5.2212525e+00
   5.2212525e+00
   5.2212525e+00
   5.2212525e+00
   5.2212525e+00
   5.2212525e+00
   5.2212525e+00
   5.2212525e+00
   5.2212525e+00
   5.1058391e+00
   5.1058391e+00
   5.1058391e+00
   5.1058391e+00
   5.1058391e+00
   5.1058391e+00
   5.1020716e+00
   5.1020716e+00
   5.1020716e+00
   5.1020716e+00
   5.1020716e+00
   5.1020716e+00
   5.1020716e+00
   5.1020716e+00
   5.1020716e+00
   5.1020716e+00
   4.9493423e+00
   4.9493423e+00
   4.9493423e+00
   4.9493423e+00
   4.9493423e+00
   4.9493423e+00
   4.9493423e+00
   4.8884025e+00
   4.6157771e+00
   4.6157771e+00
   4.6157771e+00
   4.6157771e+00
   4.6157771e+00
   4.6157771e+00
   4.6157771e+00
   4.6157771e+00
   4.6157771e+00
   4.6157771e+00
   4.6049081e+00
   4.5820841e+00
   4.5820841e+00
   4.5820841e+00
   4.5820841e+00
   4.5820841e+00
   4.5820841e+00
   4.5820841e+00
   4.5820841e+00
   4.5820841e+00
   4.5820841e+00
   4.5820841e+00
   4.5820841e+00
   4.5820841e+00
   4.5820841e+00
   4.5820841e+00
   4.5820841e+00
   4.5782434e+00
   4.5612792e+00
   4.5612792e+00
   4.5612792e+00
   4.5612792e+00
   4.5612792e+00
   4.5612792e+00
   4.5356160e+00
   4.5152059e+00
   4.5152059e+00
   4.5152059e+00
   4.5152059e+00
   4.5152059e+00
   4.4525828e+00
   4.4525828e+00
   4.4525828e+00
   4.4525828e+00
   4.4525828e+00
   4.4525828e+00
   4.4525828e+00
   4.4525828e+00
   4.4525828e+00
   4.4525828e+00
   4.4525828e+00
   4.4525828e+00
   4.4525828e+00
   4.4525828e+00
   4.4525828e+00
   4.4473651e+00
   4.4453790e+00
   4.4453790e+00
   4.4453790e+00
   4.4453790e+00
   4.4453790e+00
   4.4453790e+00
   4.4453790e+00
   4.4235106e+00
   4.4235106e+00
   4.4235106e+00
   4.4235106e+00
   4.4235106e+00
   4.4235106e+00
   4.4235106e+00
   4.4235106e+00
   4.4235106e+00
   4.4235106e+00
   4.4235106e+00
   4.4235106e+00
   4.4235106e+00
   4.4235106e+00
   4.4235106e+00
   4.4235106e+00
   4.4235106e+00
   4.4235106e+00
   4.4235106e+00
   4.4235106e+00
   4.4235106e+00
   4.4235106e+00
   4.4231210e+00
   4.4231210e+00
   4.4231210e+00
   4.4231210e+00
   4.4231210e+00
   4.4177578e+00
   4.4177578e+00
   4.4177578e+00
   4.4177578e+00
   4.4177578e+00
   4.3987633e+00
   4.3987633e+00
   4.3987633e+00
   4.3987633e+00
   4.3987633e+00
   4.3987633e+00
   4.3987633e+00
   4.3987633e+00
   4.3987633e+00
   4.3987633e+00
   4.3987633e+00
   4.3987633e+00
   4.3987633e+00
   4.3987633e+00
   4.3987633e+00
   4.3987633e+00
   4.3987633e+00
   4.3987633e+00
   4.3987633e+00
   4.3987633e+00
   4.3987633e+00
   4.3987633e+00
   4.3975107e+00
   4.3975107e+00
   4.3975107e+00
   4.3896816e+00
   4.3896816e+00
   4.3896816e+00
   4.3896816e+00
   4.3896816e+00
   4.3896816e+00
   4.3896816e+00
   4.3896816e+00
   4.3896816e+00
   4.3859948e+00
   4.3859948e+00
   4.3859948e+00
   4.3859948e+00
   4.3859948e+00
   4.3859948e+00
   4.3859948e+00
   4.3859948e+00
   4.3859948e+00
   4.3859948e+00
   4.3859948e+00
   4.3859948e+00
   4.3859948e+00
   4.3859948e+00
   4.3859242e+00
   4.3859242e+00
   4.3859242e+00
   4.3839249e+00
   4.3839249e+00
   4.3839249e+00
   4.3839249e+00
   4.3839249e+00
   4.3839249e+00
   4.3839249e+00
   4.3803534e+00
   4.3803534e+00
   4.3800044e+00
   4.3800044e+00
   4.3800044e+00
   4.3800044e+00
   4.3800044e+00
   4.3800044e+00
   4.3795620e+00
   4.3795620e+00
   4.3795620e+00
   4.3795620e+00
   4.3795620e+00
   4.3795620e+00
   4.3795620e+00
   4.3795620e+00
   4.3790789e+00
   4.3790789e+00
   4.3790789e+00
   4.3767397e+00
   4.3767397e+00
   4.3767397e+00
   4.3767397e+00
   4.3767397e+00
   4.3767397e+00
   4.3767397e+00
   4.3767397e+00
   4.3767397e+00
   4.3767397e+00
   4.3767397e+00
   4.3767397e+00
   4.3767397e+00
   4.3767397e+00
   4.3767397e+00
   4.3767397e+00
   4.3767397e+00
   4.3767397e+00
   4.3767397e+00
   4.3767397e+00
   4.3767397e+00
   4.3767397e+00
   4.3767397e+00
   4.3767397e+00
   4.3767397e+00
   4.3767397e+00
   4.3767397e+00
   4.3767397e+00
   4.3767397e+00
   4.3767397e+00
   4.3767397e+00
   4.3767397e+00
   4.3767397e+00
   4.3767397e+00
   4.3767397e+00
   4.3767397e+00
   4.3767397e+00
   4.3767397e+00
   4.3767397e+00
   4.3767397e+00
   4.3767397e+00
   4.3767397e+00
   4.3764394e+00
   4.3764394e+00
   4.3764394e+00
   4.3764394e+00
   4.3764394e+00
   4.3764394e+00
   4.3764173e+00
   4.3764173e+00
   4.3764173e+00
   4.3764173e+00
   4.3764173e+00
   4.3764173e+00
   4.3764173e+00
   4.3763552e+00
   4.3763552e+00
   4.3763552e+00
   4.3763552e+00
   4.3763552e+00
   4.3763552e+00
   4.3761158e+00
   4.3761158e+00
   4.3761158e+00
   4.3761158e+00
   4.3761158e+00
   4.3761158e+00
   4.3761158e+00
   4.3761158e+00
   4.3761158e+00
   4.3761158e+00
   4.3761158e+00
   4.3761158e+00
   4.3761041e+00
   4.3761041e+00
   4.3761041e+00
   4.3760722e+00
   4.3760722e+00
   4.3760722e+00
   4.3760722e+00
   4.3760722e+00
   4.3760722e+00
   4.3759687e+00
   4.3759687e+00
   4.3759687e+00
   4.3759687e+00
   4.3759687e+00
   4.3759687e+00
   4.3759687e+00
   4.3759687e+00
   4.3759687e+00
   4.3759687e+00
   4.3759687e+00
   4.3759687e+00
   4.3759687e+00
   4.3759687e+00
   4.3759687e+00
   4.3757939e+00
   4.3757939e+00
   4.3757939e+00
   4.3757939e+00
   4.3757939e+00
   4.3757939e+00
   4.3757939e+00
   4.3757939e+00
   4.3757939e+00
   4.3757939e+00
   4.3757939e+00
   4.3757939e+00
   4.3757939e+00
   4.3757939e+00
   4.3757927e+00
   4.3757927e+00
   4.3757927e+00
   4.3757927e+00
   4.3757927e+00
   4.3757927e+00
   4.3757927e+00
   4.3757927e+00
   4.3757927e+00
   4.3757927e+00
   4.3757927e+00
   4.3757927e+00
   4.3757927e+00
   4.3757927e+00
   4.3757927e+00
   4.3757927e+00
   4.3757927e+00
   4.3757927e+00
   4.3757927e+00
   4.3757671e+00
   4.3757671e+00
   4.3757671e+00
   4.3757671e+00
   4.3757671e+00
   4.3757508e+00
   4.3757508e+00
   4.3757508e+00
   4.3757508e+00
   4.3757508e+00
   4.3757508e+00
   4.3757508e+00
   4.3757508e+00
   4.3757508e+00
   4.3757508e+00
   4.3757508e+00
   4.3757508e+00
   4.3757508e+00
   4.3757508e+00
   4.3757181e+00
   4.3757181e+00
   4.3757181e+00
   4.3757181e+00
   4.3757181e+00
   4.3757181e+00
   4.3757181e+00
   4.3757181e+00
   4.3757170e+00
   4.3757170e+00
   4.3757170e+00
   4.3757170e+00
   4.3757170e+00
   4.3757170e+00
   4.3757154e+00
   4.3757154e+00
   4.3757154e+00
   4.3757154e+00
   4.3757154e+00
   4.3757154e+00
   4.3757154e+00
   4.3757154e+00
   4.3757154e+00
   4.3757154e+00
   4.3757154e+00
   4.3757154e+00
   4.3757154e+00
   4.3757154e+00
   4.3757154e+00
   4.3757153e+00
   4.3757153e+00
   4.3757098e+00
   4.3757098e+00
   4.3757098e+00
   4.3757098e+00
   4.3757098e+00
   4.3757098e+00
   4.3757098e+00
   4.3757098e+00
   4.3757098e+00
   4.3757098e+00
   4.3757082e+00
   4.3757082e+00
   4.3757066e+00
   4.3757066e+00
   4.3757066e+00
   4.3757064e+00
   4.3757064e+00
   4.3757064e+00
   4.3757064e+00
   4.3757064e+00
   4.3757041e+00
   4.3757041e+00
   4.3757041e+00
   4.3757041e+00
   4.3757041e+00
   4.3757041e+00
   4.3757041e+00
   4.3757041e+00
   4.3757041e+00
   4.3757041e+00
   4.3757041e+00
   4.3757041e+00
   4.3757041e+00
   4.3757041e+00
   4.3757041e+00
   4.3757041e+00
   4.3757041e+00
   4.3757041e+00
   4.3757041e+00
   4.3757041e+00
   4.3757041e+00
   4.3757041e+00
   4.3757041e+00
   4.3757041e+00
   4.3757041e+00
   4.3757041e+00
   4.3757041e+00
   4.3757041e+00
   4.3757041e+00
   4.3757041e+00
   4.3757041e+00
   4.3757041e+00
   4.3757041e+00
   4.3757041e+00
   4.3757041e+00
   4.3757041e+00
   4.3757041e+00
   4.3757041e+00
   4.3757041e+00
   4.3757041e+00
   4.3757041e+00
   4.3757041e+00
   4.3757041e+00
   4.3757041e+00
   4.3757041e+00
   4.3757041e+00
   4.3757041e+00
   4.3757041e+00
   4.3757041e+00
   4.3757040e+00
   4.3757037e+00
   4.3757037e+00
   4.3757037e+00
   4.3757037e+00
   4.3757037e+00
   4.3757037e+00
   4.3757037e+00
   4.3757037e+00
   4.3757037e+00
   4.3757037e+00
   4.3757036e+00
   4.3757036e+00
   4.3757036e+00
   4.3757036e+00
   4.3757034e+00
   4.3757032e+00
   4.3757032e+00
   4.3757032e+00
   4.3757032e+00
   4.3757032e+00
   4.3757032e+00
   4.3757032e+00
   4.3757032e+00
   4.3757032e+00
   4.3757032e+00
   4.3757032e+00
   4.3757032e+00
   4.3757032e+00
   4.3757032e+00
   4.3757032e+00
   4.3757032e+00
   4.3757032e+00
   4.3757032e+00
   4.3757032e+00
   4.3757032e+00
   4.3757032e+00
   4.3757032e+00
   4.3757032e+00
   4.3757032e+00
   4.3757032e+00
   4.3757032e+00
   4.3757032e+00
   4.3757032e+00
   4.3757032e+00
   4.3757031e+00
   4.3757031e+00
   4.3757031e+00
   4.3757031e+00
   4.3757031e+00
   4.3757031e+00
   4.3757031e+00
   4.3757031e+00
   4.3757031e+00
   4.3757031e+00
   4.3757031e+00
   4.3757030e+00
   4.3757030e+00
   4.3757030e+00
   4.3757030e+00
   4.3757030e+00
   4.3757030e+00
   4.3757030e+00
   4.3757030e+00
   4.3757030e+00
   4.3757030e+00
   4.3757030e+00
   4.3757030e+00
   4.3757030e+00
   4.3757030e+00
   4.3757030e+00
   4.3757030e+00
   4.3757029e+00
   4.3757029e+00
   4.3757029e+00
   4.3757029e+00
   4.3757029e+00
   4.3757029e+00
   4.3757029e+00
   4.3757029e+00
   4.3757029e+00
   4.3757029e+00
   4.3757029e+00
   4.3757029e+00
   4.3757029e+00
   4.3757029e+00
   4.3757029e+00
   4.3757029e+00
   4.3757029e+00
   4.3757029e+00
   4.3757029e+00
   4.3757029e+00
   4.3757029e+00
   4.3757029e+00
   4.3757029e+00
   4.3757029e+00
   4.3757029e+00
   4.3757029e+00
   4.3757029e+00
   4.3757029e+00
   4.3757029e+00
   4.3757029e+00
   4.3757029e+00
   4.3757029e+00
   4.3757029e+00
   4.3757029e+00
   4.3757029e+00
   4.3757029e+00
   4.3757029e+00
   4.3757029e+00
   4.3757029e+00
   4.3757029e+00
   4.3757029e+00
   4.3757029e+00
   4.3757029e+00
   4.3757029e+00
   4.3757029e+00
   4.3757029e+00
   4.3757029e+00
   4.3757029e+00
   4.3757029e+00
   4.3757029e+00
   4.3757029e+00
   4.3757029e+00
   4.3757029e+00
   4.3757029e+00
   4.3757029e+00
   4.3757029e+00
   4.3757029e+00
   4.3757029e+00
   4.3757029e+00
   4.3757029e+00
   4.3757029e+00
   4.3757029e+00
   4.3757029e+00
   4.3757029e+00
   4.3757029e+00
   4.3757029e+00
   4.3757029e+00
   4.3757029e+00
   4.3757029e+00
   4.3757029e+00
   4.3757029e+00
   4.3757029e+00
   4.3757029e+00
   4.3757029e+00
   4.3757029e+00
   4.3757029e+00
   4.3757029e+00
   4.3757029e+00
   4.3757029e+00
   4.3757029e+00
   4.3757029e+00
   4.3757029e+00
   4.3757029e+00
   4.3757029e+00
   4.3757029e+00
   4.3757029e+00
   4.3757029e+00
   4.3757029e+00
   4.3757029e+00
   4.3757029e+00
   4.3757029e+00
   4.3757029e+00
   4.3757029e+00
   4.3757029e+00
   4.3757029e+00
   4.3757029e+00
   4.3757029e+00
   4.3757029e+00
   4.3757029e+00
   4.3757029e+00
   4.3757029e+00
   4.3757029e+00
   4.3757029e+00
   4.3757029e+00
   4.3757029e+00
   4.3757029e+00
   4.3757029e+00
   4.3757029e+00
   4.3757029e+00
   4.3757029e+00
   4.3757029e+00
   4.3757029e+00
   4.3757029e+00
   4.3757029e+00
   4.3757029e+00
   4.3757029e+00
   4.3757029e+00
   4.3757029e+00
   4.3757029e+00
   4.3757029e+00
   4.3757029e+00
   4.3757029e+00
   4.3757029e+00
   4.3757029e+00
   4.3757029e+00
   4.3757029e+00
   4.3757029e+00
   4.3757029e+00
   4.3757029e+00
   4.3757029e+00
   4.3757029e+00
   4.3757029e+00
   4.3757029e+00
   4.3757029e+00
   4.3757029e+00
   4.3757029e+00
   4.3757029e+00
   4.3757029e+00
   4.3757029e+00
   4.3757029e+00
   4.3757029e+00
   4.3757029e+00
   4.3757029e+00
   4.3757029e+00
   4.3757029e+00
   4.3757029e+00
   4.3757029e+00
   4.3757029e+00
   4.3757029e+00
   4.3757029e+00
   4.3757029e+00
   4.3757029e+00
   4.3757029e+00
   4.3757029e+00
   4.3757029e+00
   4.3757029e+00
   4.3757029e+00
   4.3757029e+00
   4.3757029e+00
   4.3757029e+00
   4.3757029e+00
   4.3757029e+00
   4.3757029e+00
   4.3757029e+00
   4.3757029e+00
   4.3757029e+00
   4.3757029e+00
   4.3757029e+00
   4.3757029e+00
   4.3757029e+00
   4.3757029e+00
   4.3757029e+00
   4.3757029e+00
   4.3757029e+00
   4.3757029e+00
   4.3757029e+00
   4.3757029e+00
   4.3757029e+00
   4.3757029e+00
   4.3757029e+00
   4.3757029e+00
