   2.7331456e+12
   1.3016263e+04
   1.3016263e+04
   1.3016263e+04
   1.3016263e+04
   1.3016263e+04
   1.3016263e+04
   1.3016263e+04
   1.3016263e+04
   3.2999690e+03
   3.2999690e+03
   3.2999690e+03
   1.5368620e+03
   1.5368620e+03
   1.5368620e+03
   1.5368620e+03
   1.5368620e+03
   1.5368620e+03
   1.5368620e+03
   1.1481377e+03
   1.1481377e+03
   1.1481377e+03
   1.1481377e+03
   1.1481377e+03
   1.1481377e+03
   1.1481377e+03
   1.1481377e+03
   1.1481377e+03
   1.1481377e+03
   1.1481377e+03
   1.1481377e+03
   1.1481377e+03
   1.1481377e+03
   1.1481377e+03
   1.1481377e+03
   1.1481377e+03
   1.1481377e+03
   1.1481377e+03
   1.0118278e+03
   1.0118278e+03
   2.3289558e+02
   2.3289558e+02
   2.3289558e+02
   2.3289558e+02
   2.3289558e+02
   2.3289558e+02
   2.3289558e+02
   2.3289558e+02
   2.3289558e+02
   2.3289558e+02
   2.3289558e+02
   2.3289558e+02
   2.3289558e+02
   2.3289558e+02
   2.3289558e+02
   2.3289558e+02
   2.3289558e+02
   2.3289558e+02
   2.3289558e+02
   2.3289558e+02
   2.3289558e+02
   2.3289558e+02
   2.3289558e+02
   2.3289558e+02
   2.3289558e+02
   2.3289558e+02
   2.3289558e+02
   2.3289558e+02
   2.3289558e+02
   2.3289558e+02
   2.3289558e+02
   2.3289558e+02
   2.3289558e+02
   2.3289558e+02
   2.3289558e+02
   2.3289558e+02
   2.3289558e+02
   2.3289558e+02
   2.3289558e+02
   2.3289558e+02
   2.3289558e+02
   2.3289558e+02
   2.3289558e+02
   2.3289558e+02
   2.3289558e+02
   2.3289558e+02
   2.3289558e+02
   2.3289558e+02
   2.3289558e+02
   1.9072226e+02
   1.9072226e+02
   1.9072226e+02
   1.9072226e+02
   1.9072226e+02
   1.3522216e+02
   1.3522216e+02
   1.3522216e+02
   1.3522216e+02
   1.3522216e+02
   1.3522216e+02
   1.1134259e+02
   1.1134259e+02
   1.1134259e+02
   1.1134259e+02
   1.1134259e+02
   1.1134259e+02
   1.1134259e+02
   1.1134259e+02
   8.4700535e+01
   8.4700535e+01
   8.4700535e+01
   8.4700535e+01
   8.4700535e+01
   8.4700535e+01
   8.4700535e+01
   8.4700535e+01
   8.4700535e+01
   8.4700535e+01
   8.4700535e+01
   8.4700535e+01
   8.4700535e+01
   8.4700535e+01
   8.4700535e+01
   8.4700535e+01
   6.6964267e+01
   6.6964267e+01
   6.6964267e+01
   6.6964267e+01
   6.6964267e+01
   6.6964267e+01
   6.6964267e+01
   6.6964267e+01
   6.6964267e+01
   6.6964267e+01
   6.6964267e+01
   6.6964267e+01
   5.0198202e+01
   5.0198202e+01
   5.0198202e+01
   5.0198202e+01
   5.0198202e+01
   5.0198202e+01
   5.0198202e+01
   5.0198202e+01
   5.0198202e+01
   5.0198202e+01
   5.0198202e+01
   5.0198202e+01
   4.0256035e+01
   4.0256035e+01
   4.0256035e+01
   4.0256035e+01
   4.0256035e+01
   4.0256035e+01
   4.0256035e+01
   4.0256035e+01
   4.0256035e+01
   4.0256035e+01
   4.0256035e+01
   4.0256035e+01
   4.0256035e+01
   4.0256035e+01
   4.0256035e+01
   4.0256035e+01
   4.0256035e+01
   4.0256035e+01
   4.0256035e+01
   4.0256035e+01
   4.0256035e+01
   3.8073827e+01
   3.8073827e+01
   3.8073827e+01
   3.8073827e+01
   3.8073827e+01
   3.8073827e+01
   3.8073827e+01
   3.8073827e+01
   3.8073827e+01
   3.8073827e+01
   3.6635636e+01
   3.6635636e+01
   3.4830476e+01
   2.2707252e+01
   2.2707252e+01
   2.2437351e+01
   2.2437351e+01
   2.2437351e+01
   2.2437351e+01
   1.8548123e+01
   1.8225186e+01
   1.3700984e+01
   1.3700984e+01
   1.3700984e+01
   1.3700984e+01
   1.3700984e+01
   1.3700984e+01
   1.3700984e+01
   1.3700984e+01
   1.3700984e+01
   1.3700984e+01
   1.3700984e+01
   1.3700984e+01
   1.3700984e+01
   1.3700984e+01
   1.3344853e+01
   1.3344853e+01
   1.3344853e+01
   1.3344853e+01
   1.2847524e+01
   1.2847524e+01
   1.2847524e+01
   1.2241756e+01
   1.2241756e+01
   1.1054933e+01
   1.0914075e+01
   1.0914075e+01
   6.8823777e+00
   6.8823777e+00
   6.8823777e+00
   6.8823777e+00
   6.8823777e+00
   6.7913961e+00
   5.8011499e+00
   5.8011499e+00
   4.3797168e+00
   4.3797168e+00
   4.3797168e+00
   4.3797168e+00
   4.3797168e+00
   4.3797168e+00
   4.3797168e+00
   4.3797168e+00
   4.3797168e+00
   3.0354266e+00
   3.0354266e+00
   3.0354266e+00
   3.0354266e+00
   3.0354266e+00
   3.0354266e+00
   3.0354266e+00
   2.4042126e+00
   2.4042126e+00
   2.4042126e+00
   2.4042126e+00
   2.4042126e+00
   2.4042126e+00
   2.4042126e+00
   2.4042126e+00
   2.4042126e+00
   2.4042126e+00
   2.4042126e+00
   1.9056298e+00
   1.7604096e+00
   1.7604096e+00
   1.7604096e+00
   1.7604096e+00
   1.7604096e+00
   1.7604096e+00
   1.7604096e+00
   1.7604096e+00
   1.7604096e+00
   1.0565125e+00
   8.3440745e-01
   8.3440745e-01
   8.3440745e-01
   8.3440745e-01
   8.3440745e-01
   7.4031109e-01
   7.4031109e-01
   7.4031109e-01
   7.4031109e-01
   7.4031109e-01
   7.4031109e-01
   7.4031109e-01
   7.4031109e-01
   7.4031109e-01
   5.5386906e-01
   5.5386906e-01
   5.5386906e-01
   5.5386906e-01
   5.5386906e-01
   5.5386906e-01
   5.5386906e-01
   5.5386906e-01
   5.5386906e-01
   4.4110029e-01
   4.4110029e-01
   4.2886176e-01
   4.2886176e-01
   4.2886176e-01
   4.2886176e-01
   4.2886176e-01
   4.2886176e-01
   4.2886176e-01
   4.2886176e-01
   4.2886176e-01
   4.2886176e-01
   4.2886176e-01
   4.2886176e-01
   4.2886176e-01
   4.2137863e-01
   3.4840016e-01
   3.4840016e-01
   3.4840016e-01
   3.4840016e-01
   3.4840016e-01
   3.4840016e-01
   3.4840016e-01
   3.4840016e-01
   3.4840016e-01
   3.4840016e-01
   3.4840016e-01
   3.4840016e-01
   2.9870455e-01
   2.9870455e-01
   2.9870455e-01
   2.9870455e-01
   2.1851068e-01
   2.1851068e-01
   2.1661336e-01
   2.1661336e-01
   2.1661336e-01
   2.0998968e-01
   2.0998968e-01
   2.0998968e-01
   2.0998968e-01
   2.0998968e-01
   2.0998968e-01
   2.0998968e-01
   2.0998968e-01
   2.0998968e-01
   1.9922229e-01
   1.8915441e-01
   1.8915441e-01
   1.8915441e-01
   1.8915441e-01
   1.8915441e-01
   1.8915441e-01
   1.8915441e-01
   1.8915441e-01
   1.8915441e-01
   1.8915441e-01
   1.8915441e-01
   1.8915441e-01
   1.8327479e-01
   1.8327479e-01
   1.8327479e-01
   1.8327479e-01
   1.8327479e-01
   1.8327479e-01
   1.8327479e-01
   1.8327479e-01
   1.8327479e-01
   1.8327479e-01
   1.8327479e-01
   1.7921341e-01
   1.7921341e-01
   1.3777876e-01
   1.3777876e-01
   1.3777876e-01
   1.3777876e-01
   1.3777876e-01
   1.3777876e-01
   1.3777876e-01
   1.3777876e-01
   1.3777876e-01
   1.3777876e-01
   1.3777876e-01
   1.3777876e-01
   1.3777876e-01
   1.3777876e-01
   1.3777876e-01
   1.3777876e-01
   1.3777876e-01
   1.3777876e-01
   1.3777876e-01
   1.3777876e-01
   1.3777876e-01
   1.3777876e-01
   1.3777876e-01
   1.3777876e-01
   1.3777876e-01
   1.2243335e-01
   1.2243335e-01
   1.2243335e-01
   1.2243335e-01
   1.2243335e-01
   1.2243335e-01
   1.2243335e-01
   1.2243335e-01
   1.2243335e-01
   1.2243335e-01
   1.2243335e-01
   1.2243335e-01
   1.2243335e-01
   1.2243335e-01
   1.2243335e-01
   1.2243335e-01
   1.2243335e-01
   1.2243335e-01
   1.2243335e-01
   1.2243335e-01
   1.2243335e-01
   1.2243335e-01
   1.2243335e-01
   1.2243335e-01
   1.2243335e-01
   1.2243335e-01
   1.2243335e-01
   1.2243335e-01
   1.2243335e-01
   1.2243335e-01
   1.2243335e-01
   1.2243335e-01
   1.2243335e-01
   1.2243335e-01
   1.2243335e-01
   1.2243335e-01
   1.2243335e-01
   1.2243335e-01
   1.2243335e-01
   1.2243335e-01
   1.1755824e-01
   1.1755824e-01
   1.1729115e-01
   1.1729115e-01
   1.1729115e-01
   1.1729115e-01
   1.1729115e-01
   1.1729115e-01
   1.1729115e-01
   1.1729115e-01
   1.1729115e-01
   1.1729115e-01
   1.1729115e-01
   1.1729115e-01
   1.1716933e-01
   1.1646009e-01
   1.1646009e-01
   1.1646009e-01
   1.1646009e-01
   1.1646009e-01
   1.1646009e-01
   1.1545224e-01
   1.1545224e-01
   1.1545224e-01
   1.1545224e-01
   1.1545224e-01
   1.1545224e-01
   1.1545224e-01
   1.1545224e-01
   1.1545224e-01
   1.1545224e-01
   1.1545224e-01
   1.1545224e-01
   1.1545224e-01
   1.1545224e-01
   1.1516219e-01
   1.1516219e-01
   1.1516219e-01
   1.1516219e-01
   1.1516219e-01
   1.1516219e-01
   1.1516219e-01
   1.1467499e-01
   1.1467499e-01
   1.1467499e-01
   1.1444843e-01
   1.1444843e-01
   1.1444843e-01
   1.1444843e-01
   1.1444843e-01
   1.1444843e-01
   1.1411265e-01
   1.1408431e-01
   1.1408431e-01
   1.1408431e-01
   1.1408431e-01
   1.1408431e-01
   1.1408431e-01
   1.1408431e-01
   1.1408431e-01
   1.1408431e-01
   1.1408431e-01
   1.1408431e-01
   1.1408431e-01
   1.1408431e-01
   1.1408431e-01
   1.1408431e-01
   1.1408431e-01
   1.1408431e-01
   1.1393751e-01
   1.1393751e-01
   1.1393751e-01
   1.1393751e-01
   1.1393751e-01
   1.1393751e-01
   1.1393751e-01
   1.1392808e-01
   1.1392808e-01
   1.1392808e-01
   1.1392808e-01
   1.1392808e-01
   1.1392808e-01
   1.1392808e-01
   1.1392808e-01
   1.1392808e-01
   1.1392808e-01
   1.1392808e-01
   1.1392808e-01
   1.1392808e-01
   1.1392808e-01
   1.1392808e-01
   1.1392808e-01
   1.1392808e-01
   1.1392808e-01
   1.1374866e-01
   1.1374866e-01
   1.1374866e-01
   1.1374866e-01
   1.1374866e-01
   1.1374866e-01
   1.1366236e-01
   1.1366236e-01
   1.1366236e-01
   1.1366236e-01
   1.1366236e-01
   1.1366236e-01
   1.1366236e-01
   1.1366236e-01
   1.1366236e-01
   1.1366236e-01
   1.1366236e-01
   1.1366236e-01
   1.1366236e-01
   1.1366236e-01
   1.1366236e-01
   1.1366236e-01
   1.1366236e-01
   1.1366236e-01
   1.1366236e-01
   1.1366236e-01
   1.1366236e-01
   1.1366236e-01
   1.1366236e-01
   1.1366236e-01
   1.1366236e-01
   1.1366236e-01
   1.1366236e-01
   1.1366236e-01
   1.1366236e-01
   1.1366236e-01
   1.1366236e-01
   1.1366236e-01
   1.1366236e-01
   1.1366236e-01
   1.1366236e-01
   1.1366236e-01
   1.1366236e-01
   1.1366236e-01
   1.1366236e-01
   1.1366236e-01
   1.1366236e-01
   1.1359424e-01
   1.1359424e-01
   1.1359424e-01
   1.1359424e-01
   1.1359424e-01
   1.1359424e-01
   1.1358081e-01
   1.1358081e-01
   1.1358081e-01
   1.1356001e-01
   1.1356001e-01
   1.1356001e-01
   1.1354215e-01
   1.1354215e-01
   1.1354215e-01
   1.1352271e-01
   1.1352271e-01
   1.1349649e-01
   1.1349649e-01
   1.1349649e-01
   1.1349649e-01
   1.1349649e-01
   1.1349649e-01
   1.1349649e-01
   1.1349649e-01
   1.1349649e-01
   1.1349649e-01
   1.1349649e-01
   1.1349649e-01
   1.1349649e-01
   1.1349649e-01
   1.1349649e-01
   1.1349649e-01
   1.1349649e-01
   1.1349649e-01
   1.1349361e-01
   1.1349361e-01
   1.1346066e-01
   1.1345084e-01
   1.1344858e-01
   1.1344858e-01
   1.1344858e-01
   1.1344858e-01
   1.1344858e-01
   1.1344858e-01
   1.1344858e-01
   1.1344858e-01
   1.1344051e-01
   1.1344051e-01
   1.1344051e-01
   1.1344051e-01
   1.1344051e-01
   1.1344051e-01
   1.1344051e-01
   1.1344051e-01
   1.1344051e-01
   1.1344051e-01
   1.1344051e-01
   1.1344051e-01
   1.1344051e-01
   1.1344051e-01
   1.1344051e-01
   1.1344051e-01
   1.1344051e-01
   1.1343587e-01
   1.1343587e-01
   1.1343587e-01
   1.1343587e-01
   1.1343366e-01
   1.1343366e-01
   1.1343366e-01
   1.1343366e-01
   1.1343366e-01
   1.1343366e-01
   1.1343366e-01
   1.1343366e-01
   1.1342885e-01
   1.1342856e-01
   1.1342856e-01
   1.1342856e-01
   1.1342856e-01
   1.1342856e-01
   1.1342856e-01
   1.1342856e-01
   1.1342856e-01
   1.1342856e-01
   1.1342856e-01
   1.1342636e-01
   1.1342636e-01
   1.1342636e-01
   1.1342480e-01
   1.1342480e-01
   1.1342480e-01
   1.1342399e-01
   1.1342399e-01
   1.1342399e-01
   1.1342399e-01
   1.1342399e-01
   1.1342399e-01
   1.1342399e-01
   1.1342399e-01
   1.1342399e-01
   1.1342399e-01
   1.1342294e-01
   1.1342294e-01
   1.1342294e-01
   1.1342294e-01
   1.1342294e-01
   1.1342294e-01
   1.1342031e-01
   1.1342031e-01
   1.1342031e-01
   1.1342031e-01
   1.1342031e-01
   1.1342031e-01
   1.1342031e-01
   1.1341914e-01
   1.1341914e-01
   1.1341914e-01
   1.1341914e-01
   1.1341914e-01
   1.1341914e-01
   1.1341914e-01
   1.1341914e-01
   1.1341914e-01
   1.1341914e-01
   1.1341914e-01
   1.1341914e-01
   1.1341914e-01
   1.1341914e-01
   1.1341914e-01
   1.1341914e-01
   1.1341789e-01
   1.1341789e-01
   1.1341789e-01
   1.1341786e-01
   1.1341786e-01
   1.1341786e-01
   1.1341786e-01
   1.1341786e-01
   1.1341770e-01
   1.1341770e-01
   1.1341770e-01
   1.1341770e-01
   1.1341770e-01
   1.1341770e-01
   1.1341770e-01
   1.1341770e-01
   1.1341770e-01
   1.1341770e-01
   1.1341770e-01
   1.1341770e-01
   1.1341770e-01
   1.1341770e-01
   1.1341770e-01
   1.1341770e-01
   1.1341733e-01
   1.1341733e-01
   1.1341706e-01
   1.1341706e-01
   1.1341706e-01
   1.1341706e-01
   1.1341706e-01
   1.1341706e-01
   1.1341706e-01
   1.1341706e-01
   1.1341684e-01
   1.1341684e-01
   1.1341684e-01
   1.1341684e-01
   1.1341684e-01
   1.1341684e-01
   1.1341684e-01
   1.1341661e-01
   1.1341661e-01
   1.1341661e-01
   1.1341661e-01
   1.1341661e-01
   1.1341661e-01
   1.1341661e-01
   1.1341661e-01
   1.1341661e-01
   1.1341661e-01
   1.1341661e-01
   1.1341661e-01
   1.1341661e-01
   1.1341661e-01
   1.1341661e-01
   1.1341661e-01
   1.1341661e-01
   1.1341661e-01
   1.1341661e-01
   1.1341661e-01
   1.1341661e-01
   1.1341661e-01
   1.1341661e-01
   1.1341661e-01
   1.1341661e-01
   1.1341661e-01
   1.1341661e-01
   1.1341661e-01
   1.1341661e-01
   1.1341661e-01
   1.1341661e-01
   1.1341661e-01
   1.1341661e-01
   1.1341661e-01
   1.1341661e-01
   1.1341661e-01
   1.1341661e-01
   1.1341659e-01
   1.1341659e-01
   1.1341655e-01
   1.1341655e-01
   1.1341655e-01
   1.1341655e-01
   1.1341655e-01
   1.1341655e-01
   1.1341655e-01
   1.1341655e-01
   1.1341655e-01
   1.1341655e-01
   1.1341655e-01
   1.1341655e-01
   1.1341651e-01
   1.1341651e-01
   1.1341651e-01
   1.1341651e-01
   1.1341651e-01
   1.1341651e-01
   1.1341650e-01
   1.1341650e-01
   1.1341650e-01
   1.1341650e-01
   1.1341650e-01
   1.1341650e-01
   1.1341649e-01
   1.1341649e-01
   1.1341649e-01
   1.1341649e-01
   1.1341649e-01
   1.1341649e-01
   1.1341649e-01
   1.1341649e-01
   1.1341649e-01
   1.1341649e-01
   1.1341649e-01
   1.1341649e-01
   1.1341649e-01
   1.1341647e-01
   1.1341647e-01
   1.1341647e-01
   1.1341647e-01
   1.1341647e-01
   1.1341647e-01
   1.1341647e-01
   1.1341647e-01
   1.1341647e-01
   1.1341647e-01
   1.1341647e-01
   1.1341647e-01
   1.1341647e-01
   1.1341647e-01
   1.1341647e-01
   1.1341647e-01
   1.1341647e-01
   1.1341647e-01
   1.1341647e-01
   1.1341647e-01
   1.1341647e-01
   1.1341647e-01
   1.1341647e-01
   1.1341647e-01
   1.1341647e-01
   1.1341647e-01
   1.1341647e-01
   1.1341647e-01
   1.1341647e-01
   1.1341647e-01
   1.1341647e-01
   1.1341647e-01
   1.1341647e-01
   1.1341647e-01
   1.1341647e-01
   1.1341647e-01
   1.1341647e-01
   1.1341647e-01
   1.1341647e-01
   1.1341647e-01
   1.1341647e-01
   1.1341647e-01
   1.1341647e-01
   1.1341646e-01
   1.1341646e-01
   1.1341646e-01
   1.1341646e-01
   1.1341646e-01
   1.1341646e-01
   1.1341646e-01
   1.1341646e-01
   1.1341646e-01
   1.1341646e-01
   1.1341646e-01
   1.1341646e-01
   1.1341646e-01
   1.1341646e-01
   1.1341646e-01
   1.1341646e-01
   1.1341646e-01
   1.1341646e-01
   1.1341646e-01
   1.1341646e-01
   1.1341646e-01
   1.1341646e-01
   1.1341646e-01
   1.1341646e-01
   1.1341646e-01
   1.1341646e-01
   1.1341646e-01
   1.1341646e-01
   1.1341646e-01
   1.1341646e-01
   1.1341646e-01
   1.1341646e-01
   1.1341646e-01
   1.1341646e-01
   1.1341646e-01
   1.1341646e-01
   1.1341646e-01
   1.1341646e-01
   1.1341646e-01
   1.1341646e-01
   1.1341646e-01
   1.1341646e-01
   1.1341646e-01
   1.1341646e-01
   1.1341646e-01
   1.1341646e-01
   1.1341646e-01
   1.1341646e-01
   1.1341646e-01
   1.1341646e-01
   1.1341646e-01
   1.1341646e-01
   1.1341646e-01
   1.1341646e-01
   1.1341646e-01
   1.1341646e-01
   1.1341646e-01
   1.1341646e-01
   1.1341646e-01
   1.1341646e-01
   1.1341646e-01
   1.1341646e-01
   1.1341646e-01
   1.1341646e-01
   1.1341646e-01
   1.1341646e-01
   1.1341646e-01
   1.1341646e-01
   1.1341646e-01
   1.1341646e-01
   1.1341646e-01
   1.1341646e-01
   1.1341646e-01
   1.1341646e-01
   1.1341646e-01
   1.1341646e-01
   1.1341646e-01
   1.1341646e-01
   1.1341646e-01
   1.1341646e-01
   1.1341646e-01
   1.1341646e-01
   1.1341646e-01
   1.1341646e-01
   1.1341646e-01
   1.1341646e-01
   1.1341646e-01
   1.1341646e-01
   1.1341646e-01
   1.1341646e-01
   1.1341646e-01
   1.1341646e-01
   1.1341646e-01
   1.1341646e-01
   1.1341646e-01
   1.1341646e-01
   1.1341646e-01
   1.1341646e-01
   1.1341646e-01
   1.1341646e-01
   1.1341646e-01
   1.1341646e-01
   1.1341646e-01
   1.1341646e-01
   1.1341646e-01
   1.1341646e-01
   1.1341646e-01
   1.1341646e-01
   1.1341646e-01
   1.1341646e-01
   1.1341646e-01
   1.1341646e-01
   1.1341646e-01
   1.1341646e-01
   1.1341646e-01
   1.1341646e-01
   1.1341646e-01
   1.1341646e-01
   1.1341646e-01
   1.1341646e-01
   1.1341646e-01
   1.1341646e-01
   1.1341646e-01
   1.1341646e-01
   1.1341646e-01
   1.1341646e-01
   1.1341646e-01
   1.1341646e-01
   1.1341646e-01
   1.1341646e-01
   1.1341646e-01
   1.1341646e-01
   1.1341646e-01
   1.1341646e-01
   1.1341646e-01
   1.1341646e-01
   1.1341646e-01
   1.1341646e-01
   1.1341646e-01
   1.1341646e-01
   1.1341646e-01
   1.1341646e-01
   1.1341646e-01
   1.1341646e-01
   1.1341646e-01
