   5.1450663e+03
   5.1450663e+03
   5.1450663e+03
   5.1450663e+03
   1.8853953e+03
   1.8853953e+03
   1.8853953e+03
   1.8853953e+03
   1.8853953e+03
   1.8853953e+03
   1.8853953e+03
   1.7541798e+03
   1.2395155e+03
   1.2395155e+03
   1.2395155e+03
   1.2395155e+03
   1.2395155e+03
   1.2395155e+03
   1.2395155e+03
   1.2395155e+03
   1.0828570e+03
   1.0828570e+03
   1.0112665e+03
   1.0112665e+03
   9.5705436e+02
   9.5705436e+02
   3.7931459e+02
   3.7931459e+02
   3.7931459e+02
   3.7931459e+02
   3.7931459e+02
   3.7931459e+02
   3.7931459e+02
   3.7931459e+02
   3.7931459e+02
   3.7931459e+02
   3.7931459e+02
   3.7931459e+02
   3.7931459e+02
   3.7931459e+02
   3.7931459e+02
   3.7931459e+02
   3.7931459e+02
   3.7931459e+02
   3.7931459e+02
   3.7931459e+02
   3.7931459e+02
   3.7931459e+02
   3.7931459e+02
   3.7931459e+02
   3.7931459e+02
   3.6794876e+02
   3.6794876e+02
   3.6794876e+02
   3.6794876e+02
   3.6794876e+02
   3.6794876e+02
   3.6794876e+02
   3.3141784e+02
   3.3141784e+02
   3.3141784e+02
   3.3141784e+02
   3.3141784e+02
   3.3141784e+02
   3.3141784e+02
   3.3141784e+02
   3.3141784e+02
   3.3141784e+02
   3.3141784e+02
   3.0493804e+02
   2.3273027e+02
   2.3273027e+02
   2.3273027e+02
   2.3273027e+02
   2.3273027e+02
   2.3273027e+02
   2.3273027e+02
   2.3273027e+02
   2.3273027e+02
   2.3273027e+02
   2.3273027e+02
   2.3273027e+02
   1.9125157e+02
   1.9125157e+02
   1.9125157e+02
   1.9125157e+02
   1.9125157e+02
   1.9125157e+02
   1.9125157e+02
   1.9125157e+02
   1.9125157e+02
   1.9125157e+02
   1.9125157e+02
   1.9125157e+02
   1.9125157e+02
   1.9125157e+02
   1.9125157e+02
   1.9125157e+02
   1.9125157e+02
   1.9102446e+02
   1.7897709e+02
   1.6512170e+02
   1.6512170e+02
   1.5816700e+02
   1.4026165e+02
   1.4026165e+02
   1.4026165e+02
   9.2089335e+01
   9.2089335e+01
   9.2089335e+01
   7.4813467e+01
   7.4813467e+01
   7.4813467e+01
   7.4813467e+01
   7.4813467e+01
   7.4561068e+01
   7.4561068e+01
   7.4561068e+01
   7.4561068e+01
   6.5220475e+01
   6.5220475e+01
   4.9627406e+01
   4.9627406e+01
   4.9627406e+01
   4.9627406e+01
   4.9627406e+01
   4.9627406e+01
   4.9627406e+01
   4.9627406e+01
   4.9627406e+01
   4.9627406e+01
   4.9627406e+01
   4.6250981e+01
   4.6250981e+01
   4.6250981e+01
   4.6250981e+01
   4.6250981e+01
   4.6250981e+01
   4.6250981e+01
   4.6250981e+01
   4.6250981e+01
   4.6250981e+01
   2.9757691e+01
   2.9757691e+01
   2.9757691e+01
   2.9757691e+01
   2.9757691e+01
   2.7876122e+01
   2.3207183e+01
   2.3207183e+01
   2.3207183e+01
   2.3207183e+01
   2.3207183e+01
   2.3207183e+01
   1.7113676e+01
   1.7113676e+01
   1.7113676e+01
   1.7113676e+01
   1.5762597e+01
   1.5762597e+01
   1.5762597e+01
   1.5762597e+01
   1.5762597e+01
   1.5762597e+01
   1.5762597e+01
   1.5762597e+01
   1.3293972e+01
   1.2698502e+01
   1.2698502e+01
   1.2698502e+01
   8.4377779e+00
   8.4377779e+00
   8.4377779e+00
   8.4377779e+00
   8.4377779e+00
   7.6364156e+00
   7.6364156e+00
   7.6364156e+00
   7.6364156e+00
   7.6364156e+00
   7.6364156e+00
   7.6364156e+00
   7.6364156e+00
   7.6364156e+00
   7.6364156e+00
   6.9946419e+00
   6.9946419e+00
   6.9946419e+00
   6.9946419e+00
   6.9946419e+00
   6.9946419e+00
   6.9946419e+00
   6.9946419e+00
   6.9946419e+00
   6.9946419e+00
   6.9946419e+00
   5.1195821e+00
   5.1195821e+00
   5.1195821e+00
   5.1195821e+00
   5.1195821e+00
   5.1195821e+00
   5.1195821e+00
   5.1195821e+00
   5.1195821e+00
   5.1195821e+00
   5.1195821e+00
   5.1195821e+00
   5.1195821e+00
   4.9606365e+00
   4.9606365e+00
   3.1300155e+00
   3.1300155e+00
   3.1300155e+00
   3.1300155e+00
   3.1300155e+00
   3.1300155e+00
   3.0766721e+00
   3.0766721e+00
   3.0766721e+00
   3.0766721e+00
   3.0766721e+00
   3.0766721e+00
   3.0766721e+00
   3.0766721e+00
   3.0766721e+00
   2.8336606e+00
   2.0515427e+00
   2.0515427e+00
   2.0515427e+00
   2.0515427e+00
   2.0053489e+00
   2.0053489e+00
   2.0053489e+00
   2.0053489e+00
   1.8396827e+00
   1.8396827e+00
   1.8396827e+00
   1.8396827e+00
   1.8396827e+00
   1.6219420e+00
   1.3403077e+00
   1.3403077e+00
   1.3403077e+00
   1.3403077e+00
   1.3403077e+00
   1.3403077e+00
   1.3403077e+00
   1.3403077e+00
   1.0048199e+00
   1.0048199e+00
   1.0048199e+00
   1.0048199e+00
   1.0048199e+00
   1.0048199e+00
   1.0048199e+00
   1.0048199e+00
   1.0048199e+00
   1.0048199e+00
   1.0048199e+00
   9.3265390e-01
   9.3265390e-01
   8.6312524e-01
   8.6312524e-01
   8.6312524e-01
   8.6312524e-01
   8.6312524e-01
   8.6312524e-01
   8.6312524e-01
   8.0132254e-01
   8.0132254e-01
   6.3277497e-01
   6.3277497e-01
   6.3277497e-01
   6.3277497e-01
   6.3277497e-01
   6.3277497e-01
   6.3277497e-01
   6.3277497e-01
   5.4087719e-01
   5.4087719e-01
   5.4087719e-01
   4.8894645e-01
   4.8894645e-01
   4.8894645e-01
   4.8894645e-01
   4.8894645e-01
   4.8894645e-01
   4.2266991e-01
   4.2266991e-01
   4.2266991e-01
   4.2266991e-01
   3.5650059e-01
   3.5650059e-01
   3.5650059e-01
   3.5650059e-01
   3.5650059e-01
   3.5650059e-01
   3.5650059e-01
   3.5650059e-01
   3.5650059e-01
   3.5650059e-01
   3.5650059e-01
   3.5650059e-01
   2.3378283e-01
   2.3378283e-01
   2.3378283e-01
   2.3378283e-01
   2.3378283e-01
   2.3378283e-01
   2.3378283e-01
   2.3378283e-01
   2.3378283e-01
   2.3378283e-01
   2.3378283e-01
   2.3378283e-01
   2.3378283e-01
   2.3378283e-01
   2.3378283e-01
   2.3378283e-01
   2.3378283e-01
   2.3378283e-01
   2.3378283e-01
   2.3378283e-01
   2.3378283e-01
   2.0560100e-01
   2.0560100e-01
   2.0560100e-01
   2.0560100e-01
   2.0560100e-01
   2.0560100e-01
   2.0560100e-01
   2.0560100e-01
   2.0560100e-01
   2.0560100e-01
   2.0560100e-01
   2.0560100e-01
   2.0560100e-01
   2.0560100e-01
   2.0560100e-01
   2.0560100e-01
   2.0560100e-01
   2.0560100e-01
   2.0560100e-01
   2.0560100e-01
   2.0560100e-01
   1.8993276e-01
   1.8993276e-01
   1.8993276e-01
   1.8993276e-01
   1.8993276e-01
   1.8993276e-01
   1.8993276e-01
   1.8993276e-01
   1.8575377e-01
   1.6977189e-01
   1.6977189e-01
   1.6977189e-01
   1.6977189e-01
   1.4965141e-01
   1.4965141e-01
   1.4965141e-01
   1.4789548e-01
   1.4789548e-01
   1.4789548e-01
   1.4789548e-01
   1.4789548e-01
   1.4789548e-01
   1.4789548e-01
   1.4789548e-01
   1.4552157e-01
   1.4552157e-01
   1.4552157e-01
   1.4552157e-01
   1.4552157e-01
   1.4552157e-01
   1.4552157e-01
   1.4372923e-01
   1.4372923e-01
   1.4211014e-01
   1.3827764e-01
   1.2542520e-01
   1.2542520e-01
   1.2418249e-01
   1.2418249e-01
   1.1868234e-01
   1.1868234e-01
   1.1868234e-01
   1.1868234e-01
   1.1868234e-01
   1.1868234e-01
   1.1868234e-01
   1.1868234e-01
   1.1868234e-01
   1.1760967e-01
   1.1760967e-01
   1.1703817e-01
   1.1703817e-01
   1.1703817e-01
   1.1296695e-01
   1.1296695e-01
   1.1296695e-01
   1.1296695e-01
   1.1227490e-01
   1.1227490e-01
   1.1227490e-01
   1.1227490e-01
   1.1227490e-01
   1.1227490e-01
   1.0962071e-01
   1.0962071e-01
   1.0767335e-01
   1.0767335e-01
   1.0767335e-01
   1.0767335e-01
   1.0767335e-01
   1.0767335e-01
   1.0767335e-01
   1.0767335e-01
   1.0767335e-01
   1.0767335e-01
   1.0767335e-01
   1.0715255e-01
   1.0715255e-01
   1.0715255e-01
   1.0715255e-01
   1.0715255e-01
   1.0715255e-01
   1.0715255e-01
   1.0715255e-01
   1.0582414e-01
   1.0582414e-01
   1.0582414e-01
   1.0582414e-01
   1.0582414e-01
   1.0582414e-01
   1.0582414e-01
   1.0582414e-01
   1.0582414e-01
   1.0582414e-01
   1.0582414e-01
   1.0582414e-01
   1.0582414e-01
   1.0582414e-01
   1.0558773e-01
   1.0558773e-01
   1.0558773e-01
   1.0558773e-01
   1.0558773e-01
   1.0508017e-01
   1.0508017e-01
   1.0508017e-01
   1.0508017e-01
   1.0508017e-01
   1.0475933e-01
   1.0475933e-01
   1.0475933e-01
   1.0475933e-01
   1.0378077e-01
   1.0378077e-01
   1.0378077e-01
   1.0378077e-01
   1.0378077e-01
   1.0378077e-01
   1.0378077e-01
   1.0378077e-01
   1.0365503e-01
   1.0365503e-01
   1.0359694e-01
   1.0359694e-01
   1.0359694e-01
   1.0359694e-01
   1.0359694e-01
   1.0359694e-01
   1.0359694e-01
   1.0359694e-01
   1.0359694e-01
   1.0359694e-01
   1.0359694e-01
   1.0359694e-01
   1.0359694e-01
   1.0359694e-01
   1.0352627e-01
   1.0330603e-01
   1.0330603e-01
   1.0330603e-01
   1.0330603e-01
   1.0330603e-01
   1.0330603e-01
   1.0330603e-01
   1.0330603e-01
   1.0330603e-01
   1.0330603e-01
   1.0330603e-01
   1.0330603e-01
   1.0330603e-01
   1.0330603e-01
   1.0328113e-01
   1.0328113e-01
   1.0328113e-01
   1.0328113e-01
   1.0328113e-01
   1.0316016e-01
   1.0316016e-01
   1.0316016e-01
   1.0316016e-01
   1.0316016e-01
   1.0316016e-01
   1.0316016e-01
   1.0316016e-01
   1.0300501e-01
   1.0300501e-01
   1.0300501e-01
   1.0300501e-01
   1.0300501e-01
   1.0300501e-01
   1.0300501e-01
   1.0292105e-01
   1.0292105e-01
   1.0292105e-01
   1.0292105e-01
   1.0292105e-01
   1.0292105e-01
   1.0292105e-01
   1.0292105e-01
   1.0292105e-01
   1.0292105e-01
   1.0292105e-01
   1.0292105e-01
   1.0292105e-01
   1.0292105e-01
   1.0292105e-01
   1.0292105e-01
   1.0284533e-01
   1.0284533e-01
   1.0284533e-01
   1.0284533e-01
   1.0283776e-01
   1.0283776e-01
   1.0278956e-01
   1.0278956e-01
   1.0278956e-01
   1.0278956e-01
   1.0276924e-01
   1.0273576e-01
   1.0273576e-01
   1.0273576e-01
   1.0273576e-01
   1.0273576e-01
   1.0273576e-01
   1.0270345e-01
   1.0270345e-01
   1.0270345e-01
   1.0270345e-01
   1.0270345e-01
   1.0266913e-01
   1.0266913e-01
   1.0266913e-01
   1.0266913e-01
   1.0266913e-01
   1.0266913e-01
   1.0266913e-01
   1.0265880e-01
   1.0265880e-01
   1.0265880e-01
   1.0265880e-01
   1.0265880e-01
   1.0264384e-01
   1.0264253e-01
   1.0264253e-01
   1.0264253e-01
   1.0264253e-01
   1.0264253e-01
   1.0264253e-01
   1.0264253e-01
   1.0264253e-01
   1.0264253e-01
   1.0264253e-01
   1.0264253e-01
   1.0264253e-01
   1.0264253e-01
   1.0263148e-01
   1.0263148e-01
   1.0263148e-01
   1.0262882e-01
   1.0262882e-01
   1.0262882e-01
   1.0262882e-01
   1.0262882e-01
   1.0261909e-01
   1.0261909e-01
   1.0261909e-01
   1.0261909e-01
   1.0261909e-01
   1.0261909e-01
   1.0261909e-01
   1.0261909e-01
   1.0261909e-01
   1.0261909e-01
   1.0261909e-01
   1.0261909e-01
   1.0261909e-01
   1.0261909e-01
   1.0261909e-01
   1.0261909e-01
   1.0261909e-01
   1.0261909e-01
   1.0261909e-01
   1.0261909e-01
   1.0261909e-01
   1.0261909e-01
   1.0261909e-01
   1.0261909e-01
   1.0261909e-01
   1.0261909e-01
   1.0261909e-01
   1.0261909e-01
   1.0261909e-01
   1.0261909e-01
   1.0261909e-01
   1.0261909e-01
   1.0261909e-01
   1.0261909e-01
   1.0261909e-01
   1.0261909e-01
   1.0261909e-01
   1.0261909e-01
   1.0261909e-01
   1.0261909e-01
   1.0261909e-01
   1.0261909e-01
   1.0261898e-01
   1.0261898e-01
   1.0261637e-01
   1.0261637e-01
   1.0261637e-01
   1.0261637e-01
   1.0261637e-01
   1.0261637e-01
   1.0261637e-01
   1.0261637e-01
   1.0261637e-01
   1.0261637e-01
   1.0261637e-01
   1.0261637e-01
   1.0261637e-01
   1.0261637e-01
   1.0261587e-01
   1.0261587e-01
   1.0261587e-01
   1.0261587e-01
   1.0261587e-01
   1.0261587e-01
   1.0261587e-01
   1.0261587e-01
   1.0261587e-01
   1.0261587e-01
   1.0261587e-01
   1.0261570e-01
   1.0261570e-01
   1.0261570e-01
   1.0261570e-01
   1.0261533e-01
   1.0261533e-01
   1.0261533e-01
   1.0261533e-01
   1.0261533e-01
   1.0261533e-01
   1.0261533e-01
   1.0261533e-01
   1.0261533e-01
   1.0261533e-01
   1.0261533e-01
   1.0261533e-01
   1.0261533e-01
   1.0261526e-01
   1.0261526e-01
   1.0261526e-01
   1.0261519e-01
   1.0261519e-01
   1.0261519e-01
   1.0261519e-01
   1.0261519e-01
   1.0261519e-01
   1.0261519e-01
   1.0261511e-01
   1.0261511e-01
   1.0261511e-01
   1.0261511e-01
   1.0261511e-01
   1.0261498e-01
   1.0261465e-01
   1.0261465e-01
   1.0261461e-01
   1.0261461e-01
   1.0261461e-01
   1.0261461e-01
   1.0261461e-01
   1.0261461e-01
   1.0261461e-01
   1.0261461e-01
   1.0261461e-01
   1.0261461e-01
   1.0261461e-01
   1.0261461e-01
   1.0261461e-01
   1.0261461e-01
   1.0261461e-01
   1.0261461e-01
   1.0261436e-01
   1.0261436e-01
   1.0261436e-01
   1.0261436e-01
   1.0261436e-01
   1.0261436e-01
   1.0261436e-01
   1.0261436e-01
   1.0261436e-01
   1.0261432e-01
   1.0261432e-01
   1.0261426e-01
   1.0261426e-01
   1.0261426e-01
   1.0261426e-01
   1.0261426e-01
   1.0261426e-01
   1.0261426e-01
   1.0261426e-01
   1.0261426e-01
   1.0261426e-01
   1.0261426e-01
   1.0261426e-01
   1.0261426e-01
   1.0261426e-01
   1.0261426e-01
   1.0261426e-01
   1.0261424e-01
   1.0261424e-01
   1.0261423e-01
   1.0261420e-01
   1.0261420e-01
   1.0261414e-01
   1.0261402e-01
   1.0261402e-01
   1.0261402e-01
   1.0261402e-01
   1.0261402e-01
   1.0261402e-01
   1.0261402e-01
   1.0261402e-01
   1.0261402e-01
   1.0261402e-01
   1.0261402e-01
   1.0261402e-01
   1.0261402e-01
   1.0261402e-01
   1.0261402e-01
   1.0261400e-01
   1.0261400e-01
   1.0261400e-01
   1.0261400e-01
   1.0261400e-01
   1.0261400e-01
   1.0261400e-01
   1.0261400e-01
   1.0261400e-01
   1.0261400e-01
   1.0261394e-01
   1.0261394e-01
   1.0261394e-01
   1.0261394e-01
   1.0261394e-01
   1.0261394e-01
   1.0261394e-01
   1.0261393e-01
   1.0261393e-01
   1.0261392e-01
   1.0261392e-01
   1.0261392e-01
   1.0261392e-01
   1.0261392e-01
   1.0261392e-01
   1.0261392e-01
   1.0261392e-01
   1.0261392e-01
   1.0261391e-01
   1.0261391e-01
   1.0261391e-01
   1.0261391e-01
   1.0261390e-01
   1.0261390e-01
   1.0261390e-01
   1.0261390e-01
   1.0261390e-01
   1.0261388e-01
   1.0261388e-01
   1.0261388e-01
   1.0261388e-01
   1.0261388e-01
   1.0261388e-01
   1.0261388e-01
   1.0261388e-01
   1.0261388e-01
   1.0261387e-01
   1.0261385e-01
   1.0261385e-01
   1.0261385e-01
   1.0261385e-01
   1.0261385e-01
   1.0261385e-01
   1.0261385e-01
   1.0261385e-01
   1.0261385e-01
   1.0261385e-01
   1.0261385e-01
   1.0261385e-01
   1.0261385e-01
   1.0261385e-01
   1.0261385e-01
   1.0261384e-01
   1.0261384e-01
   1.0261384e-01
   1.0261384e-01
   1.0261384e-01
   1.0261384e-01
   1.0261384e-01
   1.0261384e-01
   1.0261384e-01
   1.0261384e-01
   1.0261384e-01
   1.0261384e-01
   1.0261384e-01
   1.0261383e-01
   1.0261383e-01
   1.0261383e-01
   1.0261383e-01
   1.0261383e-01
   1.0261383e-01
   1.0261383e-01
   1.0261383e-01
   1.0261383e-01
   1.0261383e-01
   1.0261383e-01
   1.0261383e-01
   1.0261383e-01
   1.0261383e-01
   1.0261383e-01
   1.0261383e-01
   1.0261383e-01
   1.0261383e-01
   1.0261383e-01
   1.0261383e-01
   1.0261383e-01
   1.0261383e-01
   1.0261383e-01
   1.0261383e-01
   1.0261383e-01
   1.0261383e-01
   1.0261383e-01
   1.0261383e-01
   1.0261383e-01
   1.0261383e-01
   1.0261383e-01
   1.0261383e-01
   1.0261383e-01
   1.0261383e-01
   1.0261383e-01
   1.0261383e-01
   1.0261383e-01
   1.0261383e-01
   1.0261383e-01
   1.0261383e-01
   1.0261383e-01
   1.0261383e-01
   1.0261383e-01
   1.0261383e-01
   1.0261383e-01
   1.0261383e-01
   1.0261382e-01
   1.0261382e-01
   1.0261382e-01
   1.0261382e-01
   1.0261382e-01
   1.0261382e-01
   1.0261382e-01
   1.0261382e-01
   1.0261382e-01
   1.0261382e-01
   1.0261382e-01
   1.0261382e-01
   1.0261382e-01
   1.0261382e-01
   1.0261382e-01
   1.0261382e-01
   1.0261382e-01
   1.0261382e-01
   1.0261382e-01
   1.0261382e-01
   1.0261382e-01
   1.0261382e-01
   1.0261382e-01
   1.0261382e-01
   1.0261382e-01
   1.0261382e-01
   1.0261382e-01
   1.0261382e-01
   1.0261382e-01
   1.0261382e-01
   1.0261382e-01
   1.0261382e-01
   1.0261382e-01
   1.0261382e-01
   1.0261382e-01
   1.0261382e-01
   1.0261382e-01
   1.0261382e-01
   1.0261382e-01
   1.0261382e-01
   1.0261382e-01
   1.0261382e-01
   1.0261382e-01
   1.0261382e-01
   1.0261382e-01
   1.0261382e-01
   1.0261382e-01
   1.0261382e-01
   1.0261382e-01
   1.0261382e-01
   1.0261382e-01
   1.0261382e-01
   1.0261382e-01
   1.0261382e-01
   1.0261382e-01
   1.0261382e-01
   1.0261382e-01
   1.0261382e-01
   1.0261382e-01
   1.0261382e-01
   1.0261382e-01
   1.0261382e-01
   1.0261382e-01
   1.0261382e-01
   1.0261382e-01
   1.0261382e-01
   1.0261382e-01
   1.0261382e-01
   1.0261382e-01
   1.0261382e-01
   1.0261382e-01
   1.0261382e-01
   1.0261382e-01
   1.0261382e-01
   1.0261382e-01
   1.0261382e-01
   1.0261382e-01
   1.0261382e-01
   1.0261382e-01
   1.0261382e-01
   1.0261382e-01
   1.0261382e-01
   1.0261382e-01
   1.0261382e-01
   1.0261382e-01
   1.0261382e-01
   1.0261382e-01
   1.0261382e-01
   1.0261382e-01
   1.0261382e-01
   1.0261382e-01
   1.0261382e-01
   1.0261382e-01
   1.0261382e-01
   1.0261382e-01
   1.0261382e-01
   1.0261382e-01
   1.0261382e-01
   1.0261382e-01
   1.0261382e-01
   1.0261382e-01
   1.0261382e-01
   1.0261382e-01
   1.0261382e-01
   1.0261382e-01
   1.0261382e-01
   1.0261382e-01
   1.0261382e-01
   1.0261382e-01
   1.0261382e-01
   1.0261382e-01
   1.0261382e-01
   1.0261382e-01
   1.0261382e-01
   1.0261382e-01
   1.0261382e-01
   1.0261382e-01
   1.0261382e-01
   1.0261382e-01
   1.0261382e-01
   1.0261382e-01
   1.0261382e-01
