   1.7052443e+13
   1.7052443e+13
   1.7052443e+13
   1.0532875e+13
   1.0532875e+13
   2.1003152e+03
   2.1003152e+03
   2.1003152e+03
   2.1003152e+03
   7.2688313e+02
   7.2688313e+02
   7.2688313e+02
   7.2688313e+02
   7.2688313e+02
   7.2688313e+02
   7.2688313e+02
   7.2688313e+02
   7.2688313e+02
   7.2688313e+02
   7.2688313e+02
   7.2688313e+02
   7.2688313e+02
   7.2688313e+02
   7.2688313e+02
   7.2688313e+02
   7.2688313e+02
   7.2688313e+02
   7.2688313e+02
   7.2688313e+02
   7.2688313e+02
   7.2688313e+02
   7.2688313e+02
   7.2688313e+02
   7.2688313e+02
   7.2688313e+02
   5.8881668e+02
   5.8881668e+02
   5.8881668e+02
   5.8881668e+02
   5.8881668e+02
   5.8881668e+02
   5.8881668e+02
   5.8881668e+02
   5.8881668e+02
   5.1990440e+02
   5.1990440e+02
   5.1990440e+02
   4.8014994e+02
   4.8014994e+02
   4.8014994e+02
   4.8014994e+02
   4.8014994e+02
   4.8014994e+02
   3.6294903e+02
   3.6294903e+02
   3.4355211e+02
   3.4355211e+02
   3.4355211e+02
   2.3690646e+02
   2.3690646e+02
   2.3690646e+02
   2.3690646e+02
   2.3690646e+02
   2.3690646e+02
   2.3690646e+02
   2.3690646e+02
   2.3690646e+02
   2.3690646e+02
   1.2099412e+02
   1.2099412e+02
   1.2099412e+02
   1.2099412e+02
   1.2099412e+02
   1.2099412e+02
   1.2099412e+02
   1.2099412e+02
   1.2099412e+02
   1.2099412e+02
   1.2099412e+02
   7.0944594e+01
   7.0944594e+01
   7.0944594e+01
   7.0944594e+01
   7.0944594e+01
   7.0944594e+01
   7.0944594e+01
   7.0944594e+01
   7.0944594e+01
   7.0944594e+01
   7.0944594e+01
   6.6152004e+01
   6.6152004e+01
   6.6152004e+01
   6.6152004e+01
   6.6152004e+01
   5.3989203e+01
   5.3989203e+01
   5.3989203e+01
   5.3989203e+01
   5.3989203e+01
   5.3989203e+01
   5.3989203e+01
   5.3989203e+01
   5.3989203e+01
   5.3989203e+01
   5.3989203e+01
   5.3989203e+01
   5.2836622e+01
   5.2273433e+01
   4.9093931e+01
   4.9093931e+01
   4.9093931e+01
   4.9093931e+01
   4.9093931e+01
   4.7278601e+01
   3.7263758e+01
   3.7263758e+01
   3.7263758e+01
   3.7263758e+01
   3.7263758e+01
   3.7263758e+01
   3.7263758e+01
   3.7263758e+01
   3.7263758e+01
   3.7263758e+01
   3.4566480e+01
   3.4504239e+01
   3.4504239e+01
   3.4504239e+01
   3.4504239e+01
   1.7690885e+01
   1.7690885e+01
   1.7690885e+01
   1.7690885e+01
   1.7690885e+01
   1.7690885e+01
   1.6863251e+01
   1.6863251e+01
   1.6863251e+01
   1.6863251e+01
   1.6863251e+01
   1.6863251e+01
   1.6863251e+01
   1.6863251e+01
   1.6155776e+01
   1.6155776e+01
   9.7058477e+00
   9.7058477e+00
   9.7058477e+00
   9.7058477e+00
   9.7058477e+00
   7.8342073e+00
   7.8342073e+00
   7.8342073e+00
   7.8342073e+00
   7.8342073e+00
   7.8342073e+00
   7.8342073e+00
   7.8342073e+00
   7.8342073e+00
   7.0160547e+00
   7.0160547e+00
   7.0160547e+00
   7.0160547e+00
   7.0160547e+00
   7.0160547e+00
   7.0160547e+00
   7.0160547e+00
   7.0160547e+00
   7.0160547e+00
   7.0160547e+00
   7.0160547e+00
   7.0160547e+00
   7.0160547e+00
   6.3945945e+00
   6.3945945e+00
   6.3150437e+00
   5.8818308e+00
   5.7964249e+00
   5.7964249e+00
   5.7964249e+00
   5.5908084e+00
   3.3176597e+00
   3.3176597e+00
   3.3176597e+00
   3.3176597e+00
   2.6113236e+00
   2.6113236e+00
   2.6113236e+00
   2.6113236e+00
   2.6113236e+00
   2.6113236e+00
   2.6113236e+00
   2.6113236e+00
   2.6113236e+00
   2.1984557e+00
   2.1984557e+00
   2.1984557e+00
   2.1461153e+00
   2.1461153e+00
   2.1461153e+00
   2.1461153e+00
   2.1461153e+00
   2.1461153e+00
   1.2035347e+00
   1.2035347e+00
   1.2035347e+00
   1.2035347e+00
   1.2035347e+00
   1.2035347e+00
   1.2035347e+00
   1.2035347e+00
   1.2035347e+00
   3.9296086e-01
   3.9296086e-01
   3.9296086e-01
   3.9296086e-01
   3.9296086e-01
   3.9296086e-01
   3.9296086e-01
   3.9296086e-01
   3.9296086e-01
   3.9296086e-01
   3.9296086e-01
   3.9296086e-01
   3.9296086e-01
   3.9296086e-01
   3.9296086e-01
   3.9296086e-01
   3.9296086e-01
   3.9296086e-01
   3.9296086e-01
   3.9296086e-01
   3.9296086e-01
   3.9296086e-01
   3.9296086e-01
   3.9296086e-01
   3.9296086e-01
   3.9296086e-01
   3.9296086e-01
   3.9296086e-01
   3.9296086e-01
   3.9296086e-01
   3.9296086e-01
   3.9296086e-01
   3.9296086e-01
   3.9296086e-01
   3.9296086e-01
   3.9296086e-01
   3.9296086e-01
   3.9296086e-01
   3.9296086e-01
   3.9296086e-01
   3.9296086e-01
   3.6775943e-01
   3.6775943e-01
   3.6775943e-01
   3.6775943e-01
   3.6775943e-01
   3.6775943e-01
   3.6775943e-01
   3.6775943e-01
   3.4538075e-01
   3.4538075e-01
   3.4538075e-01
   3.4538075e-01
   3.4538075e-01
   3.4538075e-01
   1.9883587e-01
   1.9883587e-01
   1.9883587e-01
   1.9883587e-01
   1.9883587e-01
   1.9883587e-01
   1.9883587e-01
   1.9883587e-01
   1.9883587e-01
   1.9883587e-01
   1.9883587e-01
   1.9883587e-01
   1.9883587e-01
   1.9883587e-01
   1.9883587e-01
   1.9883587e-01
   1.9883587e-01
   1.9883587e-01
   1.9883587e-01
   1.9883587e-01
   1.9883587e-01
   1.9883587e-01
   1.9883587e-01
   1.8603633e-01
   1.8603633e-01
   1.3534954e-01
   1.3534954e-01
   1.3348000e-01
   1.3348000e-01
   1.3348000e-01
   1.3348000e-01
   1.3348000e-01
   1.3348000e-01
   8.9007163e-02
   8.9007163e-02
   8.9007163e-02
   8.9007163e-02
   8.9007163e-02
   8.9007163e-02
   8.9007163e-02
   8.9007163e-02
   8.9007163e-02
   8.9007163e-02
   8.9007163e-02
   8.9007163e-02
   8.9007163e-02
   8.9007163e-02
   8.9007163e-02
   8.9007163e-02
   8.9007163e-02
   8.9007163e-02
   8.9007163e-02
   6.0585739e-02
   6.0585739e-02
   6.0585739e-02
   6.0585739e-02
   6.0585739e-02
   5.9649320e-02
   5.9649320e-02
   5.9649320e-02
   5.9649320e-02
   5.9649320e-02
   5.9649320e-02
   5.9649320e-02
   4.9876874e-02
   4.9876874e-02
   4.9876874e-02
   4.9876874e-02
   4.9876874e-02
   4.9876874e-02
   4.9876874e-02
   4.6718326e-02
   4.6718326e-02
   4.6718326e-02
   4.6718326e-02
   4.6718326e-02
   4.6718326e-02
   3.0872977e-02
   3.0872977e-02
   3.0872977e-02
   2.7593007e-02
   2.4630942e-02
   2.1283089e-02
   2.1283089e-02
   2.1238395e-02
   2.1238395e-02
   2.1238395e-02
   2.1238395e-02
   2.1238395e-02
   2.1238395e-02
   1.5950933e-02
   1.5950933e-02
   1.5950933e-02
   1.5950933e-02
   1.5950933e-02
   1.5950933e-02
   1.5950933e-02
   1.5950933e-02
   1.5950933e-02
   1.2004337e-02
   1.2004337e-02
   1.2004337e-02
   1.2004337e-02
   1.2004337e-02
   1.2004337e-02
   1.2004337e-02
   1.2004337e-02
   1.2004337e-02
   1.2004337e-02
   1.2004337e-02
   1.2004337e-02
   1.2004337e-02
   1.2004337e-02
   1.2004337e-02
   4.9717449e-03
   4.9717449e-03
   4.9717449e-03
   4.9717449e-03
   4.9717449e-03
   4.9717449e-03
   4.9717449e-03
   4.9717449e-03
   4.9717449e-03
   4.9717449e-03
   4.9717449e-03
   4.9717449e-03
   4.9717449e-03
   4.9717449e-03
   4.9717449e-03
   4.9717449e-03
   4.9717449e-03
   4.9717449e-03
   4.8004723e-03
   4.8004723e-03
   4.8004723e-03
   4.8004723e-03
   4.8004723e-03
   4.8004723e-03
   4.8004723e-03
   4.8004723e-03
   4.8004723e-03
   4.8004723e-03
   4.8004723e-03
   4.8004723e-03
   3.9371483e-03
   3.9371483e-03
   3.9371483e-03
   3.9371483e-03
   3.9371483e-03
   3.9371483e-03
   3.9371483e-03
   3.9371483e-03
   3.9371483e-03
   3.9371483e-03
   3.9371483e-03
   3.9371483e-03
   3.9371483e-03
   3.9371483e-03
   3.9371483e-03
   3.9371483e-03
   3.9371483e-03
   3.9371483e-03
   3.9371483e-03
   3.9371483e-03
   3.9371483e-03
   3.9371483e-03
   3.8924546e-03
   3.8924546e-03
   3.8924546e-03
   3.8924546e-03
   3.8924546e-03
   3.2254328e-03
   3.2254328e-03
   3.2254328e-03
   3.2254328e-03
   3.2254328e-03
   3.2254328e-03
   2.7021513e-03
   2.7021513e-03
   2.7021513e-03
   2.7021513e-03
   2.7021513e-03
   2.7021513e-03
   2.7021513e-03
   2.7021513e-03
   2.7021513e-03
   2.7021513e-03
   2.7021513e-03
   2.7021513e-03
   2.7021513e-03
   2.7021513e-03
   2.7021513e-03
   2.7021513e-03
   2.7021513e-03
   2.4414779e-03
   2.4414779e-03
   2.4414779e-03
   2.4414779e-03
   2.4414779e-03
   2.4414779e-03
   2.4414779e-03
   2.4414779e-03
   2.4414779e-03
   2.4414779e-03
   2.0711930e-03
   2.0711930e-03
   2.0711930e-03
   2.0711930e-03
   2.0711930e-03
   2.0711930e-03
   2.0711930e-03
   2.0711930e-03
   2.0711930e-03
   2.0711930e-03
   2.0711930e-03
   2.0711930e-03
   2.0711930e-03
   2.0711930e-03
   1.7517562e-03
   1.7517562e-03
   1.7517562e-03
   1.7517562e-03
   1.7517562e-03
   1.7517562e-03
   1.7517562e-03
   1.7517562e-03
   1.7517562e-03
   1.7517562e-03
   1.7517562e-03
   1.7517562e-03
   1.7517562e-03
   1.7517562e-03
   1.7517562e-03
   1.7517562e-03
   1.7517562e-03
   1.7517562e-03
   1.7517562e-03
   1.7517562e-03
   1.7517562e-03
   1.7517562e-03
   1.7118580e-03
   1.7118580e-03
   1.7118580e-03
   1.7118580e-03
   1.7118580e-03
   1.7118580e-03
   1.7118580e-03
   1.7118580e-03
   1.7118580e-03
   1.7118580e-03
   1.7118580e-03
   1.7118580e-03
   1.7053571e-03
   1.7053571e-03
   1.7053571e-03
   1.7053571e-03
   1.7053571e-03
   1.7053571e-03
   1.6732168e-03
   1.6378869e-03
   1.6378869e-03
   1.6378869e-03
   1.6378869e-03
   1.6378869e-03
   1.6378869e-03
   1.6378869e-03
   1.6378869e-03
   1.6378869e-03
   1.6378869e-03
   1.6378869e-03
   1.5936546e-03
   1.5936546e-03
   1.5936546e-03
   1.5936546e-03
   1.5936546e-03
   1.5936546e-03
   1.5936546e-03
   1.5936546e-03
   1.5936546e-03
   1.5936546e-03
   1.5936546e-03
   1.5936546e-03
   1.5132007e-03
   1.5132007e-03
   1.5132007e-03
   1.5132007e-03
   1.5132007e-03
   1.5132007e-03
   1.5132007e-03
   1.5132007e-03
   1.5132007e-03
   1.5132007e-03
   1.5132007e-03
   1.5132007e-03
   1.5132007e-03
   1.5132007e-03
   1.4814504e-03
   1.4814504e-03
   1.4814504e-03
   1.4657187e-03
   1.4657187e-03
   1.4657187e-03
   1.4657187e-03
   1.4612297e-03
   1.4612297e-03
   1.4612297e-03
   1.4612297e-03
   1.4612297e-03
   1.4486152e-03
   1.4486152e-03
   1.4406356e-03
   1.4406356e-03
   1.4406356e-03
   1.4406356e-03
   1.4406356e-03
   1.4406356e-03
   1.4406356e-03
   1.4406356e-03
   1.4406356e-03
   1.4406356e-03
   1.4406356e-03
   1.4406356e-03
   1.4406356e-03
   1.4406356e-03
   1.4406356e-03
   1.4406356e-03
   1.4406356e-03
   1.4406356e-03
   1.4406356e-03
   1.4406356e-03
   1.4406356e-03
   1.4406356e-03
   1.4406356e-03
   1.4373837e-03
   1.4373837e-03
   1.4373837e-03
   1.4358213e-03
   1.4358213e-03
   1.4358213e-03
   1.4358213e-03
   1.4358213e-03
   1.4358213e-03
   1.4231843e-03
   1.4204992e-03
   1.4193211e-03
   1.4188245e-03
   1.4188245e-03
   1.4188245e-03
   1.4188245e-03
   1.4188245e-03
   1.4188245e-03
   1.4184158e-03
   1.4184158e-03
   1.4184158e-03
   1.4184158e-03
   1.4184158e-03
   1.4153067e-03
   1.4153067e-03
   1.4153067e-03
   1.4153067e-03
   1.4153067e-03
   1.4153067e-03
   1.4118518e-03
   1.4118518e-03
   1.4118518e-03
   1.4118518e-03
   1.4118518e-03
   1.4075622e-03
   1.4075622e-03
   1.4075622e-03
   1.4075622e-03
   1.4075622e-03
   1.4075622e-03
   1.4075622e-03
   1.4075622e-03
   1.4075622e-03
   1.4063902e-03
   1.4063902e-03
   1.4063902e-03
   1.4063902e-03
   1.4063902e-03
   1.4063902e-03
   1.4063902e-03
   1.4063902e-03
   1.4063902e-03
   1.4063902e-03
   1.4063902e-03
   1.4063902e-03
   1.4063902e-03
   1.4063902e-03
   1.4063902e-03
   1.4063902e-03
   1.4063902e-03
   1.4063902e-03
   1.4063902e-03
   1.4058453e-03
   1.4045840e-03
   1.4045840e-03
   1.4045840e-03
   1.4045840e-03
   1.4045840e-03
   1.4045840e-03
   1.4045840e-03
   1.4045840e-03
   1.4045840e-03
   1.4038600e-03
   1.4038600e-03
   1.4038600e-03
   1.4038600e-03
   1.4038600e-03
   1.4038600e-03
   1.4038600e-03
   1.4038600e-03
   1.4038600e-03
   1.4038600e-03
   1.4038600e-03
   1.4032553e-03
   1.4032553e-03
   1.4032553e-03
   1.4032553e-03
   1.4031194e-03
   1.4031194e-03
   1.4019110e-03
   1.4019110e-03
   1.4019110e-03
   1.4019110e-03
   1.4019110e-03
   1.4019110e-03
   1.4019110e-03
   1.4016134e-03
   1.4016134e-03
   1.4016134e-03
   1.4016134e-03
   1.4016134e-03
   1.4016134e-03
   1.4016134e-03
   1.4016134e-03
   1.4015841e-03
   1.4015841e-03
   1.4015841e-03
   1.4015841e-03
   1.4013459e-03
   1.4013459e-03
   1.4013459e-03
   1.4013459e-03
   1.4013459e-03
   1.4013459e-03
   1.4011332e-03
   1.4011332e-03
   1.4011332e-03
   1.4011332e-03
   1.4011332e-03
   1.4011332e-03
   1.4011332e-03
   1.4011332e-03
   1.4011320e-03
   1.4011320e-03
   1.4009074e-03
   1.4009074e-03
   1.4009074e-03
   1.4009074e-03
   1.4009074e-03
   1.4009074e-03
   1.4009074e-03
   1.4009074e-03
   1.4009074e-03
   1.4009074e-03
   1.4009074e-03
   1.4009074e-03
   1.4006125e-03
   1.4006125e-03
   1.4006125e-03
   1.4006125e-03
   1.4006125e-03
   1.4006125e-03
   1.4006125e-03
   1.4006125e-03
   1.4006125e-03
   1.4006125e-03
   1.4006014e-03
   1.4006014e-03
   1.4006014e-03
   1.4006014e-03
   1.4006014e-03
   1.4006014e-03
   1.4006014e-03
   1.4006014e-03
   1.4006014e-03
   1.4006014e-03
   1.4006014e-03
   1.4006014e-03
   1.4006014e-03
   1.4006014e-03
   1.4006014e-03
   1.4006014e-03
   1.4006014e-03
   1.4006014e-03
   1.4006014e-03
   1.4006014e-03
   1.4006014e-03
   1.4006014e-03
   1.4006014e-03
   1.4006014e-03
   1.4006014e-03
   1.4006014e-03
   1.4005827e-03
   1.4005827e-03
   1.4005827e-03
   1.4005827e-03
   1.4005827e-03
   1.4005827e-03
   1.4005827e-03
   1.4005536e-03
   1.4005536e-03
   1.4005536e-03
   1.4005536e-03
   1.4005536e-03
   1.4005535e-03
   1.4005535e-03
   1.4005535e-03
   1.4005535e-03
   1.4005535e-03
   1.4005535e-03
   1.4005535e-03
   1.4005535e-03
   1.4005535e-03
   1.4005535e-03
   1.4005535e-03
   1.4005535e-03
   1.4005535e-03
   1.4005535e-03
   1.4005535e-03
   1.4005535e-03
   1.4005185e-03
   1.4005185e-03
   1.4005185e-03
   1.4005185e-03
   1.4005166e-03
   1.4005166e-03
   1.4005166e-03
   1.4005166e-03
   1.4005166e-03
   1.4005166e-03
   1.4005166e-03
   1.4005166e-03
   1.4005166e-03
   1.4005166e-03
   1.4005166e-03
   1.4005166e-03
   1.4005166e-03
   1.4005166e-03
   1.4005166e-03
   1.4005166e-03
   1.4005166e-03
   1.4005166e-03
   1.4005166e-03
   1.4005166e-03
   1.4005166e-03
   1.4005166e-03
   1.4005166e-03
   1.4005166e-03
   1.4005166e-03
   1.4005144e-03
   1.4005144e-03
   1.4005144e-03
   1.4005144e-03
   1.4005144e-03
   1.4005052e-03
   1.4005052e-03
   1.4004977e-03
   1.4004977e-03
   1.4004977e-03
   1.4004977e-03
   1.4004977e-03
   1.4004977e-03
   1.4004977e-03
   1.4004977e-03
   1.4004977e-03
   1.4004977e-03
   1.4004977e-03
   1.4004977e-03
   1.4004977e-03
   1.4004977e-03
   1.4004977e-03
   1.4004977e-03
   1.4004977e-03
   1.4004977e-03
   1.4004977e-03
   1.4004977e-03
   1.4004977e-03
   1.4004977e-03
   1.4004977e-03
   1.4004977e-03
   1.4004977e-03
   1.4004977e-03
   1.4004977e-03
   1.4004977e-03
   1.4004963e-03
   1.4004963e-03
   1.4004963e-03
   1.4004963e-03
   1.4004963e-03
   1.4004963e-03
   1.4004952e-03
   1.4004952e-03
   1.4004952e-03
   1.4004952e-03
   1.4004952e-03
   1.4004952e-03
   1.4004952e-03
   1.4004952e-03
   1.4004952e-03
   1.4004952e-03
   1.4004952e-03
   1.4004952e-03
   1.4004952e-03
   1.4004952e-03
   1.4004952e-03
   1.4004952e-03
   1.4004952e-03
   1.4004952e-03
   1.4004952e-03
   1.4004952e-03
   1.4004952e-03
   1.4004952e-03
   1.4004952e-03
   1.4004952e-03
   1.4004952e-03
   1.4004952e-03
   1.4004952e-03
   1.4004952e-03
   1.4004945e-03
   1.4004945e-03
   1.4004945e-03
   1.4004945e-03
   1.4004945e-03
   1.4004945e-03
   1.4004945e-03
   1.4004945e-03
   1.4004945e-03
   1.4004939e-03
   1.4004939e-03
   1.4004939e-03
   1.4004939e-03
   1.4004939e-03
   1.4004939e-03
   1.4004939e-03
   1.4004931e-03
   1.4004931e-03
   1.4004926e-03
   1.4004926e-03
   1.4004926e-03
   1.4004926e-03
   1.4004913e-03
   1.4004913e-03
   1.4004913e-03
   1.4004913e-03
   1.4004913e-03
   1.4004913e-03
   1.4004913e-03
   1.4004913e-03
   1.4004913e-03
   1.4004913e-03
   1.4004913e-03
   1.4004913e-03
   1.4004913e-03
   1.4004913e-03
   1.4004913e-03
   1.4004913e-03
   1.4004913e-03
   1.4004913e-03
   1.4004913e-03
   1.4004913e-03
   1.4004913e-03
   1.4004913e-03
   1.4004913e-03
   1.4004913e-03
   1.4004913e-03
   1.4004913e-03
   1.4004913e-03
   1.4004913e-03
   1.4004913e-03
   1.4004911e-03
   1.4004911e-03
   1.4004911e-03
   1.4004911e-03
   1.4004911e-03
   1.4004911e-03
   1.4004911e-03
   1.4004911e-03
   1.4004911e-03
   1.4004911e-03
   1.4004911e-03
   1.4004911e-03
   1.4004911e-03
   1.4004911e-03
   1.4004911e-03
   1.4004911e-03
   1.4004911e-03
   1.4004911e-03
   1.4004911e-03
   1.4004911e-03
   1.4004911e-03
   1.4004911e-03
   1.4004911e-03
   1.4004911e-03
   1.4004911e-03
   1.4004909e-03
   1.4004909e-03
   1.4004909e-03
   1.4004909e-03
   1.4004909e-03
   1.4004909e-03
   1.4004909e-03
   1.4004909e-03
   1.4004909e-03
   1.4004909e-03
   1.4004909e-03
   1.4004909e-03
   1.4004909e-03
   1.4004909e-03
   1.4004909e-03
   1.4004909e-03
   1.4004909e-03
   1.4004909e-03
   1.4004909e-03
   1.4004908e-03
   1.4004908e-03
   1.4004908e-03
   1.4004908e-03
   1.4004908e-03
   1.4004908e-03
