   2.3651084e+12
   1.9803901e+03
   1.9803901e+03
   1.9803901e+03
   1.9803901e+03
   1.9803901e+03
   1.9803901e+03
   1.9803901e+03
   1.9803901e+03
   1.9803901e+03
   1.9803901e+03
   1.9803901e+03
   1.7511385e+03
   1.7511385e+03
   1.7511385e+03
   1.7511385e+03
   1.7511385e+03
   1.7511385e+03
   1.7511385e+03
   1.7511385e+03
   1.7511385e+03
   1.7511385e+03
   1.7511385e+03
   1.7511385e+03
   1.7511385e+03
   1.7511385e+03
   1.7511385e+03
   1.7511385e+03
   1.7511385e+03
   1.7511385e+03
   1.7511385e+03
   1.7511385e+03
   1.7511385e+03
   1.7511385e+03
   1.7511385e+03
   1.7511385e+03
   1.7511385e+03
   1.7511385e+03
   1.7511385e+03
   1.7511385e+03
   1.4915910e+03
   1.4915910e+03
   1.4915910e+03
   1.0000908e+03
   8.4969270e+02
   8.4969270e+02
   8.4969270e+02
   3.7081921e+02
   3.7081921e+02
   3.7081921e+02
   3.7081921e+02
   3.7081921e+02
   3.7081921e+02
   3.7081921e+02
   3.7081921e+02
   3.7081921e+02
   3.7081921e+02
   3.7081921e+02
   3.7081921e+02
   3.7081921e+02
   3.7081921e+02
   3.7081921e+02
   3.7081921e+02
   3.7081921e+02
   3.7081921e+02
   3.7081921e+02
   1.3425143e+02
   1.3425143e+02
   1.3425143e+02
   1.3425143e+02
   1.3425143e+02
   1.3425143e+02
   1.3425143e+02
   1.3425143e+02
   1.3425143e+02
   1.3425143e+02
   1.3425143e+02
   1.3425143e+02
   1.3425143e+02
   1.3425143e+02
   1.3425143e+02
   1.3425143e+02
   1.3425143e+02
   1.0808507e+02
   1.0808507e+02
   1.0808507e+02
   1.0808507e+02
   6.4757181e+01
   6.4757181e+01
   6.4757181e+01
   6.4757181e+01
   6.2570529e+01
   6.2570529e+01
   6.2570529e+01
   6.2570529e+01
   6.2570529e+01
   6.2570529e+01
   6.2570529e+01
   6.2570529e+01
   6.2570529e+01
   6.2570529e+01
   6.2570529e+01
   6.2570529e+01
   6.2570529e+01
   6.2570529e+01
   6.2570529e+01
   6.2570529e+01
   4.8534545e+01
   4.8534545e+01
   4.8534545e+01
   4.8534545e+01
   4.8534545e+01
   4.8534545e+01
   4.8534545e+01
   4.5470183e+01
   4.5470183e+01
   3.8042818e+01
   3.8042818e+01
   3.8042818e+01
   3.8042818e+01
   3.8042818e+01
   3.8042818e+01
   3.5782307e+01
   3.5782307e+01
   3.5782307e+01
   3.5782307e+01
   3.5782307e+01
   3.5782307e+01
   3.5782307e+01
   3.0502010e+01
   3.0502010e+01
   2.5633855e+01
   2.5633855e+01
   2.5633855e+01
   2.5633855e+01
   2.0453163e+01
   2.0453163e+01
   2.0453163e+01
   2.0453163e+01
   2.0453163e+01
   2.0453163e+01
   2.0453163e+01
   1.8330956e+01
   1.8330956e+01
   1.4060812e+01
   1.4060812e+01
   1.4060812e+01
   1.4060812e+01
   1.4060812e+01
   1.4060812e+01
   1.4060812e+01
   1.4060812e+01
   1.4060812e+01
   1.4060812e+01
   1.4060812e+01
   1.4060812e+01
   1.4060812e+01
   1.4060812e+01
   1.4060812e+01
   1.4060812e+01
   1.4060812e+01
   1.4060812e+01
   1.4060812e+01
   1.4060812e+01
   1.4060812e+01
   1.2973824e+01
   1.0091982e+01
   1.0091982e+01
   1.0091982e+01
   1.0091982e+01
   9.9771280e+00
   9.9771280e+00
   9.9771280e+00
   9.9771280e+00
   9.9771280e+00
   9.9771280e+00
   9.9771280e+00
   9.9771280e+00
   9.9771280e+00
   9.9771280e+00
   9.9771280e+00
   9.9771280e+00
   9.9771280e+00
   9.1933183e+00
   9.1893648e+00
   9.1893648e+00
   8.1276951e+00
   8.1276951e+00
   8.1276951e+00
   8.1276951e+00
   6.8903127e+00
   6.8903127e+00
   6.3215800e+00
   6.3215800e+00
   6.3215800e+00
   6.1568518e+00
   6.1568518e+00
   6.1568518e+00
   6.1568518e+00
   6.1568518e+00
   6.1568518e+00
   6.1568518e+00
   6.1568518e+00
   5.8338798e+00
   5.8338798e+00
   5.8338798e+00
   5.7880848e+00
   5.7880848e+00
   5.7880848e+00
   5.7880848e+00
   5.7880848e+00
   5.7880848e+00
   5.7880848e+00
   5.2368801e+00
   5.2368801e+00
   4.5571518e+00
   4.5571518e+00
   4.5571518e+00
   4.3301316e+00
   4.3301316e+00
   4.3301316e+00
   4.3301316e+00
   4.3301316e+00
   4.3301316e+00
   4.3301316e+00
   4.3301316e+00
   4.3301316e+00
   4.3301316e+00
   4.3301316e+00
   4.3301316e+00
   4.3301316e+00
   4.3301316e+00
   4.3301316e+00
   4.3301316e+00
   4.3301316e+00
   4.3301316e+00
   4.3301316e+00
   4.1811457e+00
   4.1811457e+00
   4.1811457e+00
   4.1811457e+00
   4.1811457e+00
   4.1539035e+00
   4.1539035e+00
   4.1539035e+00
   4.1539035e+00
   3.8627419e+00
   3.8627419e+00
   3.8627419e+00
   3.8627419e+00
   3.8627419e+00
   3.8627419e+00
   3.8627419e+00
   3.8627419e+00
   3.8627419e+00
   3.8627419e+00
   3.8627419e+00
   3.8627419e+00
   3.8627419e+00
   3.8627419e+00
   3.8627419e+00
   3.8627419e+00
   3.8627419e+00
   3.8627419e+00
   3.8627419e+00
   3.8627419e+00
   3.8627419e+00
   3.8627419e+00
   3.8627419e+00
   3.8627419e+00
   3.8627419e+00
   3.8063773e+00
   3.7370475e+00
   3.7370475e+00
   3.7370475e+00
   3.7370475e+00
   3.7370475e+00
   3.7370475e+00
   3.7370475e+00
   3.7370475e+00
   3.7370475e+00
   3.7370475e+00
   3.7370475e+00
   3.7370475e+00
   3.7370475e+00
   3.7370475e+00
   3.7370475e+00
   3.7370475e+00
   3.7370475e+00
   3.7370475e+00
   3.7370475e+00
   3.7370475e+00
   3.7370475e+00
   3.7370475e+00
   3.7370475e+00
   3.7370475e+00
   3.7370475e+00
   3.7370475e+00
   3.7370475e+00
   3.7171270e+00
   3.7171270e+00
   3.7171270e+00
   3.7171270e+00
   3.7171270e+00
   3.7171270e+00
   3.7171270e+00
   3.7171270e+00
   3.7171270e+00
   3.7171270e+00
   3.7171270e+00
   3.7171270e+00
   3.7171270e+00
   3.7171270e+00
   3.7171270e+00
   3.7171270e+00
   3.7171270e+00
   3.7171270e+00
   3.7171270e+00
   3.7171270e+00
   3.7171270e+00
   3.7171270e+00
   3.6616681e+00
   3.6616681e+00
   3.6616681e+00
   3.6616681e+00
   3.6616681e+00
   3.6616681e+00
   3.6616681e+00
   3.6616681e+00
   3.6616681e+00
   3.6616681e+00
   3.6616681e+00
   3.6616681e+00
   3.6616681e+00
   3.6616681e+00
   3.6616681e+00
   3.6616681e+00
   3.6616681e+00
   3.6616681e+00
   3.6616681e+00
   3.6616681e+00
   3.6616681e+00
   3.6616681e+00
   3.6616681e+00
   3.6616681e+00
   3.6616681e+00
   3.6616681e+00
   3.6616681e+00
   3.6616681e+00
   3.6616681e+00
   3.6616681e+00
   3.6572715e+00
   3.6572715e+00
   3.6485451e+00
   3.6485451e+00
   3.6485451e+00
   3.6485451e+00
   3.6485451e+00
   3.6485451e+00
   3.6485451e+00
   3.6485451e+00
   3.6477104e+00
   3.6399405e+00
   3.6214826e+00
   3.6214826e+00
   3.6214826e+00
   3.6214826e+00
   3.6214826e+00
   3.6214826e+00
   3.6214826e+00
   3.6166328e+00
   3.6166328e+00
   3.6166328e+00
   3.6166328e+00
   3.6166328e+00
   3.6166328e+00
   3.6166328e+00
   3.6166328e+00
   3.6136858e+00
   3.6136858e+00
   3.6136858e+00
   3.6136858e+00
   3.6136858e+00
   3.6136858e+00
   3.6136858e+00
   3.6136858e+00
   3.6136858e+00
   3.6136858e+00
   3.6136858e+00
   3.6136858e+00
   3.6136858e+00
   3.6136858e+00
   3.6136858e+00
   3.6136858e+00
   3.6136858e+00
   3.6136858e+00
   3.6136858e+00
   3.6136858e+00
   3.6120950e+00
   3.6120950e+00
   3.6120950e+00
   3.6120950e+00
   3.6120950e+00
   3.6120950e+00
   3.6120950e+00
   3.6120950e+00
   3.6120950e+00
   3.6120950e+00
   3.6120950e+00
   3.6036267e+00
   3.6036267e+00
   3.6036267e+00
   3.6036267e+00
   3.6036267e+00
   3.6036267e+00
   3.6036267e+00
   3.6036267e+00
   3.6036267e+00
   3.6036267e+00
   3.6035023e+00
   3.6035023e+00
   3.6035023e+00
   3.6035023e+00
   3.6035023e+00
   3.6027411e+00
   3.6027411e+00
   3.6027411e+00
   3.6027411e+00
   3.6027411e+00
   3.6027411e+00
   3.6027411e+00
   3.5995482e+00
   3.5964623e+00
   3.5964623e+00
   3.5964623e+00
   3.5964623e+00
   3.5964623e+00
   3.5964623e+00
   3.5942045e+00
   3.5942045e+00
   3.5942045e+00
   3.5942045e+00
   3.5942045e+00
   3.5942045e+00
   3.5942045e+00
   3.5942045e+00
   3.5942045e+00
   3.5942045e+00
   3.5942045e+00
   3.5942045e+00
   3.5942045e+00
   3.5942045e+00
   3.5942045e+00
   3.5942045e+00
   3.5942045e+00
   3.5942045e+00
   3.5942045e+00
   3.5942045e+00
   3.5942045e+00
   3.5942045e+00
   3.5942045e+00
   3.5942045e+00
   3.5942045e+00
   3.5942045e+00
   3.5942045e+00
   3.5930283e+00
   3.5930283e+00
   3.5930283e+00
   3.5922250e+00
   3.5922250e+00
   3.5922250e+00
   3.5922250e+00
   3.5922250e+00
   3.5922250e+00
   3.5922250e+00
   3.5922250e+00
   3.5922250e+00
   3.5922250e+00
   3.5922250e+00
   3.5922250e+00
   3.5916423e+00
   3.5916423e+00
   3.5916423e+00
   3.5916423e+00
   3.5916423e+00
   3.5916423e+00
   3.5916423e+00
   3.5907564e+00
   3.5907564e+00
   3.5907564e+00
   3.5907564e+00
   3.5907564e+00
   3.5907564e+00
   3.5907564e+00
   3.5907564e+00
   3.5907564e+00
   3.5907564e+00
   3.5907564e+00
   3.5907564e+00
   3.5907564e+00
   3.5907564e+00
   3.5907564e+00
   3.5907564e+00
   3.5907564e+00
   3.5907564e+00
   3.5907207e+00
   3.5907207e+00
   3.5907207e+00
   3.5907207e+00
   3.5905667e+00
   3.5905667e+00
   3.5905198e+00
   3.5905198e+00
   3.5905198e+00
   3.5905198e+00
   3.5904873e+00
   3.5904873e+00
   3.5904084e+00
   3.5904084e+00
   3.5904084e+00
   3.5904084e+00
   3.5904084e+00
   3.5904084e+00
   3.5904084e+00
   3.5904084e+00
   3.5904084e+00
   3.5904084e+00
   3.5904084e+00
   3.5904084e+00
   3.5901382e+00
   3.5901382e+00
   3.5901382e+00
   3.5901382e+00
   3.5901382e+00
   3.5901382e+00
   3.5901382e+00
   3.5901382e+00
   3.5901382e+00
   3.5901074e+00
   3.5900829e+00
   3.5900829e+00
   3.5900829e+00
   3.5900829e+00
   3.5900829e+00
   3.5900829e+00
   3.5900829e+00
   3.5900829e+00
   3.5900829e+00
   3.5900829e+00
   3.5900829e+00
   3.5900829e+00
   3.5900829e+00
   3.5900829e+00
   3.5900829e+00
   3.5900829e+00
   3.5900829e+00
   3.5900829e+00
   3.5900829e+00
   3.5900829e+00
   3.5900829e+00
   3.5900829e+00
   3.5900829e+00
   3.5900829e+00
   3.5900829e+00
   3.5900829e+00
   3.5900829e+00
   3.5900829e+00
   3.5900829e+00
   3.5900829e+00
   3.5900829e+00
   3.5900829e+00
   3.5900829e+00
   3.5900829e+00
   3.5900829e+00
   3.5900829e+00
   3.5900829e+00
   3.5900829e+00
   3.5900774e+00
   3.5900774e+00
   3.5900747e+00
   3.5900747e+00
   3.5900747e+00
   3.5900747e+00
   3.5900747e+00
   3.5900747e+00
   3.5900747e+00
   3.5900747e+00
   3.5900747e+00
   3.5900747e+00
   3.5900577e+00
   3.5900534e+00
   3.5900465e+00
   3.5900465e+00
   3.5900465e+00
   3.5900465e+00
   3.5900465e+00
   3.5900465e+00
   3.5900465e+00
   3.5900465e+00
   3.5900465e+00
   3.5900465e+00
   3.5900465e+00
   3.5900465e+00
   3.5900465e+00
   3.5900465e+00
   3.5900465e+00
   3.5900465e+00
   3.5900375e+00
   3.5900375e+00
   3.5900375e+00
   3.5900375e+00
   3.5900375e+00
   3.5900353e+00
   3.5900353e+00
   3.5900353e+00
   3.5900331e+00
   3.5900331e+00
   3.5900331e+00
   3.5900331e+00
   3.5900302e+00
   3.5900302e+00
   3.5900229e+00
   3.5900229e+00
   3.5900229e+00
   3.5900229e+00
   3.5900229e+00
   3.5900229e+00
   3.5900229e+00
   3.5900229e+00
   3.5900229e+00
   3.5900229e+00
   3.5900229e+00
   3.5900229e+00
   3.5900229e+00
   3.5900229e+00
   3.5900229e+00
   3.5900229e+00
   3.5900229e+00
   3.5900156e+00
   3.5900156e+00
   3.5900156e+00
   3.5900156e+00
   3.5900156e+00
   3.5900156e+00
   3.5900156e+00
   3.5900156e+00
   3.5900156e+00
   3.5900156e+00
   3.5900156e+00
   3.5900156e+00
   3.5900156e+00
   3.5900156e+00
   3.5900138e+00
   3.5900138e+00
   3.5900138e+00
   3.5900138e+00
   3.5900138e+00
   3.5900138e+00
   3.5900136e+00
   3.5900136e+00
   3.5900136e+00
   3.5900128e+00
   3.5900128e+00
   3.5900128e+00
   3.5900128e+00
   3.5900125e+00
   3.5900125e+00
   3.5900119e+00
   3.5900119e+00
   3.5900119e+00
   3.5900116e+00
   3.5900116e+00
   3.5900116e+00
   3.5900111e+00
   3.5900111e+00
   3.5900111e+00
   3.5900111e+00
   3.5900111e+00
   3.5900111e+00
   3.5900111e+00
   3.5900111e+00
   3.5900111e+00
   3.5900111e+00
   3.5900111e+00
   3.5900108e+00
   3.5900108e+00
   3.5900108e+00
   3.5900108e+00
   3.5900108e+00
   3.5900092e+00
   3.5900092e+00
   3.5900092e+00
   3.5900092e+00
   3.5900092e+00
   3.5900092e+00
   3.5900092e+00
   3.5900092e+00
   3.5900092e+00
   3.5900087e+00
   3.5900087e+00
   3.5900087e+00
   3.5900087e+00
   3.5900087e+00
   3.5900087e+00
   3.5900087e+00
   3.5900087e+00
   3.5900087e+00
   3.5900087e+00
   3.5900087e+00
   3.5900087e+00
   3.5900087e+00
   3.5900087e+00
   3.5900087e+00
   3.5900087e+00
   3.5900087e+00
   3.5900087e+00
   3.5900087e+00
   3.5900087e+00
   3.5900087e+00
   3.5900087e+00
   3.5900087e+00
   3.5900087e+00
   3.5900087e+00
   3.5900087e+00
   3.5900087e+00
   3.5900087e+00
   3.5900087e+00
   3.5900087e+00
   3.5900087e+00
   3.5900087e+00
   3.5900085e+00
   3.5900085e+00
   3.5900085e+00
   3.5900085e+00
   3.5900085e+00
   3.5900085e+00
   3.5900085e+00
   3.5900085e+00
   3.5900085e+00
   3.5900085e+00
   3.5900085e+00
   3.5900085e+00
   3.5900085e+00
   3.5900085e+00
   3.5900085e+00
   3.5900083e+00
   3.5900083e+00
   3.5900083e+00
   3.5900083e+00
   3.5900083e+00
   3.5900083e+00
   3.5900083e+00
   3.5900083e+00
   3.5900083e+00
   3.5900083e+00
   3.5900083e+00
   3.5900083e+00
   3.5900083e+00
   3.5900083e+00
   3.5900083e+00
   3.5900083e+00
   3.5900082e+00
   3.5900082e+00
   3.5900082e+00
   3.5900082e+00
   3.5900082e+00
   3.5900082e+00
   3.5900082e+00
   3.5900081e+00
   3.5900081e+00
   3.5900081e+00
   3.5900081e+00
   3.5900081e+00
   3.5900081e+00
   3.5900081e+00
   3.5900081e+00
   3.5900081e+00
   3.5900080e+00
   3.5900080e+00
   3.5900080e+00
   3.5900080e+00
   3.5900080e+00
   3.5900080e+00
   3.5900080e+00
   3.5900080e+00
   3.5900080e+00
   3.5900080e+00
   3.5900080e+00
   3.5900080e+00
   3.5900080e+00
   3.5900080e+00
   3.5900080e+00
   3.5900080e+00
   3.5900080e+00
   3.5900080e+00
   3.5900080e+00
   3.5900080e+00
   3.5900080e+00
   3.5900080e+00
   3.5900080e+00
   3.5900080e+00
   3.5900080e+00
   3.5900080e+00
   3.5900080e+00
   3.5900080e+00
   3.5900080e+00
   3.5900080e+00
   3.5900080e+00
   3.5900080e+00
   3.5900079e+00
   3.5900079e+00
   3.5900079e+00
   3.5900079e+00
   3.5900079e+00
   3.5900079e+00
   3.5900079e+00
   3.5900079e+00
   3.5900079e+00
   3.5900079e+00
   3.5900079e+00
   3.5900079e+00
   3.5900079e+00
   3.5900079e+00
   3.5900079e+00
   3.5900079e+00
   3.5900079e+00
   3.5900079e+00
   3.5900079e+00
   3.5900079e+00
   3.5900079e+00
   3.5900079e+00
   3.5900079e+00
   3.5900079e+00
   3.5900079e+00
   3.5900079e+00
   3.5900079e+00
   3.5900079e+00
   3.5900079e+00
   3.5900079e+00
   3.5900079e+00
   3.5900079e+00
   3.5900079e+00
   3.5900079e+00
   3.5900079e+00
   3.5900079e+00
   3.5900079e+00
   3.5900079e+00
   3.5900079e+00
   3.5900079e+00
   3.5900079e+00
   3.5900079e+00
   3.5900079e+00
   3.5900079e+00
   3.5900079e+00
   3.5900079e+00
   3.5900079e+00
   3.5900079e+00
   3.5900079e+00
   3.5900079e+00
   3.5900079e+00
   3.5900079e+00
   3.5900079e+00
   3.5900079e+00
   3.5900079e+00
   3.5900079e+00
   3.5900079e+00
   3.5900079e+00
   3.5900079e+00
   3.5900079e+00
   3.5900079e+00
   3.5900079e+00
   3.5900079e+00
   3.5900079e+00
   3.5900079e+00
   3.5900079e+00
   3.5900079e+00
   3.5900079e+00
   3.5900079e+00
   3.5900079e+00
   3.5900079e+00
   3.5900079e+00
   3.5900079e+00
   3.5900079e+00
   3.5900079e+00
   3.5900079e+00
   3.5900079e+00
   3.5900079e+00
   3.5900079e+00
   3.5900079e+00
   3.5900079e+00
   3.5900079e+00
   3.5900079e+00
   3.5900079e+00
   3.5900079e+00
   3.5900079e+00
   3.5900079e+00
   3.5900079e+00
   3.5900079e+00
   3.5900079e+00
   3.5900079e+00
   3.5900079e+00
   3.5900079e+00
   3.5900079e+00
   3.5900079e+00
   3.5900079e+00
   3.5900079e+00
   3.5900079e+00
   3.5900079e+00
   3.5900079e+00
   3.5900079e+00
   3.5900079e+00
   3.5900079e+00
   3.5900079e+00
   3.5900079e+00
   3.5900079e+00
   3.5900079e+00
   3.5900079e+00
   3.5900079e+00
   3.5900079e+00
   3.5900079e+00
   3.5900079e+00
   3.5900079e+00
   3.5900079e+00
   3.5900079e+00
   3.5900079e+00
   3.5900079e+00
   3.5900079e+00
   3.5900079e+00
   3.5900079e+00
   3.5900079e+00
   3.5900079e+00
   3.5900079e+00
   3.5900079e+00
   3.5900079e+00
   3.5900079e+00
   3.5900079e+00
   3.5900079e+00
   3.5900079e+00
   3.5900079e+00
   3.5900079e+00
   3.5900079e+00
   3.5900079e+00
   3.5900079e+00
   3.5900079e+00
   3.5900079e+00
   3.5900079e+00
   3.5900079e+00
   3.5900079e+00
   3.5900079e+00
   3.5900079e+00
   3.5900079e+00
   3.5900079e+00
   3.5900079e+00
   3.5900079e+00
   3.5900079e+00
   3.5900079e+00
   3.5900079e+00
   3.5900079e+00
   3.5900079e+00
   3.5900079e+00
   3.5900079e+00
   3.5900079e+00
   3.5900079e+00
   3.5900079e+00
   3.5900079e+00
   3.5900079e+00
   3.5900079e+00
   3.5900079e+00
   3.5900079e+00
   3.5900079e+00
   3.5900079e+00
   3.5900079e+00
   3.5900079e+00
   3.5900079e+00
   3.5900079e+00
   3.5900079e+00
   3.5900079e+00
   3.5900079e+00
   3.5900079e+00
   3.5900079e+00
   3.5900079e+00
   3.5900079e+00
   3.5900079e+00
   3.5900079e+00
   3.5900079e+00
   3.5900079e+00
   3.5900079e+00
   3.5900079e+00
   3.5900079e+00
   3.5900079e+00
   3.5900079e+00
   3.5900079e+00
   3.5900079e+00
   3.5900079e+00
   3.5900079e+00
   3.5900079e+00
   3.5900079e+00
   3.5900079e+00
   3.5900079e+00
   3.5900079e+00
