   3.0083309e+13
   7.2641422e+10
   1.5618068e+03
   1.5618068e+03
   1.5618068e+03
   1.5618068e+03
   1.5618068e+03
   1.5618068e+03
   1.5618068e+03
   1.5618068e+03
   1.3669774e+03
   1.3669774e+03
   8.1971118e+02
   8.1971118e+02
   8.1971118e+02
   8.1971118e+02
   6.3113144e+02
   6.3113144e+02
   6.3113144e+02
   6.3113144e+02
   6.3113144e+02
   6.3113144e+02
   6.3113144e+02
   6.3113144e+02
   6.3113144e+02
   6.3113144e+02
   6.3113144e+02
   6.3113144e+02
   6.3113144e+02
   6.3113144e+02
   6.1109188e+02
   6.1109188e+02
   6.1109188e+02
   6.1109188e+02
   6.1109188e+02
   5.1169421e+02
   5.1169421e+02
   5.1169421e+02
   5.1169421e+02
   5.1169421e+02
   5.1169421e+02
   5.1169421e+02
   5.1169421e+02
   5.1169421e+02
   5.1169421e+02
   5.1169421e+02
   3.6518482e+02
   3.6518482e+02
   3.6518482e+02
   2.6568549e+02
   2.6568549e+02
   2.6568549e+02
   2.6568549e+02
   2.6568549e+02
   2.6568549e+02
   2.6568549e+02
   2.6568549e+02
   2.6568549e+02
   2.6568549e+02
   2.6568549e+02
   2.6568549e+02
   2.6568549e+02
   1.8042132e+02
   1.4854750e+02
   1.4854750e+02
   1.4854750e+02
   1.1887756e+02
   1.1887756e+02
   1.1887756e+02
   1.1887756e+02
   1.1887756e+02
   1.1887756e+02
   1.1887756e+02
   1.1887756e+02
   1.0335701e+02
   1.0335701e+02
   9.3779383e+01
   9.3779383e+01
   9.3779383e+01
   9.3779383e+01
   6.4643066e+01
   6.4643066e+01
   6.4643066e+01
   6.4643066e+01
   6.4643066e+01
   6.4643066e+01
   6.4643066e+01
   6.4643066e+01
   6.4643066e+01
   6.4643066e+01
   6.4643066e+01
   6.4643066e+01
   6.4643066e+01
   6.4643066e+01
   6.4643066e+01
   6.4643066e+01
   6.4643066e+01
   6.4643066e+01
   6.4643066e+01
   6.4643066e+01
   6.2321621e+01
   5.8684956e+01
   5.8684956e+01
   5.8684956e+01
   5.8684956e+01
   5.8684956e+01
   5.8004024e+01
   5.6336863e+01
   4.9585803e+01
   4.3715336e+01
   4.3715336e+01
   4.3715336e+01
   4.3715336e+01
   4.3715336e+01
   4.3715336e+01
   4.3715336e+01
   3.4106276e+01
   3.4106276e+01
   3.0466928e+01
   3.0466928e+01
   3.0466928e+01
   3.0466928e+01
   3.0466928e+01
   3.0466928e+01
   2.7707220e+01
   2.7707220e+01
   2.7707220e+01
   2.7707220e+01
   2.7707220e+01
   2.7707220e+01
   2.1128671e+01
   2.1128671e+01
   2.1128671e+01
   2.1128671e+01
   2.1128671e+01
   1.5237814e+01
   1.5237814e+01
   1.5237814e+01
   1.5237814e+01
   1.5237814e+01
   1.4683876e+01
   1.4683876e+01
   1.4683876e+01
   1.2497900e+01
   1.2497900e+01
   1.2497900e+01
   1.2497900e+01
   1.2497900e+01
   1.2497900e+01
   1.2497900e+01
   1.2497900e+01
   1.2497900e+01
   1.2497900e+01
   1.2497900e+01
   1.2497900e+01
   1.2497900e+01
   1.2497900e+01
   1.2497900e+01
   1.2497900e+01
   1.2497900e+01
   1.2497900e+01
   1.2497900e+01
   1.2497900e+01
   1.2497900e+01
   1.2497900e+01
   1.2497900e+01
   1.2184094e+01
   1.2184094e+01
   1.2184094e+01
   1.2184094e+01
   1.2184094e+01
   1.0579043e+01
   1.0579043e+01
   1.0543187e+01
   1.0543187e+01
   1.0069947e+01
   1.0069947e+01
   8.9180441e+00
   8.9180441e+00
   8.9180441e+00
   8.9180441e+00
   8.9180441e+00
   8.9180441e+00
   8.9180441e+00
   8.9180441e+00
   8.9180441e+00
   8.9180441e+00
   8.9180441e+00
   8.9180441e+00
   8.9180441e+00
   8.5500822e+00
   8.5500822e+00
   7.4107946e+00
   7.4107946e+00
   7.4107946e+00
   7.4107946e+00
   7.4107946e+00
   7.4107946e+00
   7.4107946e+00
   7.4107946e+00
   7.4107946e+00
   7.4107946e+00
   7.4107946e+00
   7.3101464e+00
   7.3101464e+00
   7.3101464e+00
   7.3101464e+00
   7.3101464e+00
   7.3101464e+00
   7.3101464e+00
   7.3101464e+00
   7.3101464e+00
   7.3101464e+00
   7.3101464e+00
   7.3101464e+00
   6.5506970e+00
   6.5506970e+00
   6.5506970e+00
   6.5506970e+00
   6.4303896e+00
   6.4303896e+00
   6.4303896e+00
   6.4303896e+00
   6.4303896e+00
   6.3665250e+00
   6.2516956e+00
   6.1321745e+00
   6.1321745e+00
   6.1321745e+00
   6.1321745e+00
   6.1321745e+00
   6.1321745e+00
   5.9407250e+00
   5.8179346e+00
   5.8179346e+00
   5.8179346e+00
   5.8179346e+00
   5.8179346e+00
   5.8179346e+00
   5.7188321e+00
   5.7188321e+00
   5.7188321e+00
   5.6688456e+00
   5.6583457e+00
   5.6583457e+00
   5.6583457e+00
   5.6583457e+00
   5.6583457e+00
   5.6583457e+00
   5.6583457e+00
   5.6583457e+00
   5.6583457e+00
   5.6583457e+00
   5.6583457e+00
   5.6583457e+00
   5.6583457e+00
   5.5504864e+00
   5.5504864e+00
   5.5504864e+00
   5.5504864e+00
   5.5504864e+00
   5.5504864e+00
   5.5504864e+00
   5.5504864e+00
   5.5296859e+00
   5.4470283e+00
   5.4470283e+00
   5.4470283e+00
   5.3779984e+00
   5.3779984e+00
   5.3779984e+00
   5.3779984e+00
   5.3779984e+00
   5.3779984e+00
   5.3779984e+00
   5.3779984e+00
   5.2113116e+00
   5.2113116e+00
   5.2113116e+00
   5.2113116e+00
   5.2113116e+00
   5.2113116e+00
   5.2113116e+00
   5.2113116e+00
   5.2055280e+00
   5.2055280e+00
   5.2055280e+00
   5.2055280e+00
   5.2055280e+00
   5.1692189e+00
   5.1692189e+00
   5.1692189e+00
   5.1692189e+00
   5.1692189e+00
   5.1240243e+00
   5.1240243e+00
   5.1240243e+00
   5.1240243e+00
   5.1240243e+00
   5.1240243e+00
   5.1240243e+00
   5.1240243e+00
   5.1240243e+00
   5.1240243e+00
   5.1240243e+00
   5.1240243e+00
   5.1240243e+00
   5.0872332e+00
   5.0261344e+00
   5.0261344e+00
   5.0261344e+00
   5.0261344e+00
   5.0261344e+00
   5.0261344e+00
   5.0157223e+00
   5.0157223e+00
   5.0157223e+00
   5.0157223e+00
   5.0157223e+00
   5.0157223e+00
   5.0157223e+00
   5.0157223e+00
   5.0157223e+00
   5.0157223e+00
   5.0157223e+00
   5.0157223e+00
   5.0157223e+00
   5.0157223e+00
   5.0157223e+00
   5.0157223e+00
   5.0157223e+00
   5.0157223e+00
   5.0084646e+00
   5.0084646e+00
   5.0084646e+00
   5.0084646e+00
   5.0084646e+00
   5.0084646e+00
   5.0084646e+00
   5.0084646e+00
   5.0084646e+00
   5.0023392e+00
   5.0023392e+00
   5.0023392e+00
   5.0023392e+00
   5.0023392e+00
   5.0023392e+00
   5.0023392e+00
   5.0023392e+00
   5.0023392e+00
   5.0023392e+00
   5.0023392e+00
   5.0023392e+00
   5.0023392e+00
   4.9818735e+00
   4.9818735e+00
   4.9818735e+00
   4.9818735e+00
   4.9818735e+00
   4.9818735e+00
   4.9818735e+00
   4.9818735e+00
   4.9818735e+00
   4.9818735e+00
   4.9818735e+00
   4.9818735e+00
   4.9818735e+00
   4.9818735e+00
   4.9654587e+00
   4.9654587e+00
   4.9654587e+00
   4.9654587e+00
   4.9654587e+00
   4.9654587e+00
   4.9654587e+00
   4.9654587e+00
   4.9654587e+00
   4.9654587e+00
   4.9654587e+00
   4.9654587e+00
   4.9654587e+00
   4.9554112e+00
   4.9554112e+00
   4.9554112e+00
   4.9551256e+00
   4.9533688e+00
   4.9533688e+00
   4.9533688e+00
   4.9533688e+00
   4.9533688e+00
   4.9533688e+00
   4.9533688e+00
   4.9335120e+00
   4.9335120e+00
   4.9335120e+00
   4.9335120e+00
   4.9335120e+00
   4.9335120e+00
   4.9335120e+00
   4.9335120e+00
   4.9335120e+00
   4.9335120e+00
   4.9335120e+00
   4.9335120e+00
   4.9335120e+00
   4.9317146e+00
   4.9317146e+00
   4.9317146e+00
   4.9317146e+00
   4.9314931e+00
   4.9314931e+00
   4.9314931e+00
   4.9314931e+00
   4.9314931e+00
   4.9314931e+00
   4.9314931e+00
   4.9314931e+00
   4.9314931e+00
   4.9314931e+00
   4.9301229e+00
   4.9301229e+00
   4.9301229e+00
   4.9301229e+00
   4.9301229e+00
   4.9301229e+00
   4.9301229e+00
   4.9301229e+00
   4.9301229e+00
   4.9301229e+00
   4.9257895e+00
   4.9257895e+00
   4.9257895e+00
   4.9257895e+00
   4.9257895e+00
   4.9257895e+00
   4.9257895e+00
   4.9257895e+00
   4.9257895e+00
   4.9257895e+00
   4.9257895e+00
   4.9257895e+00
   4.9257895e+00
   4.9257895e+00
   4.9257895e+00
   4.9257895e+00
   4.9257895e+00
   4.9249058e+00
   4.9249058e+00
   4.9222249e+00
   4.9222249e+00
   4.9222249e+00
   4.9222249e+00
   4.9222249e+00
   4.9222249e+00
   4.9222249e+00
   4.9222249e+00
   4.9222249e+00
   4.9222249e+00
   4.9222249e+00
   4.9208705e+00
   4.9208705e+00
   4.9208705e+00
   4.9208705e+00
   4.9208705e+00
   4.9208705e+00
   4.9208705e+00
   4.9194388e+00
   4.9194388e+00
   4.9194388e+00
   4.9187178e+00
   4.9187078e+00
   4.9159900e+00
   4.9137177e+00
   4.9137177e+00
   4.9130141e+00
   4.9130141e+00
   4.9130141e+00
   4.9130141e+00
   4.9112228e+00
   4.9112228e+00
   4.9112228e+00
   4.9112228e+00
   4.9112228e+00
   4.9112228e+00
   4.9112228e+00
   4.9092219e+00
   4.9092219e+00
   4.9092219e+00
   4.9092219e+00
   4.9092219e+00
   4.9092219e+00
   4.9092219e+00
   4.9092219e+00
   4.9092219e+00
   4.9092219e+00
   4.9092219e+00
   4.9092219e+00
   4.9092219e+00
   4.9092219e+00
   4.9092219e+00
   4.9092219e+00
   4.9092219e+00
   4.9092219e+00
   4.9092219e+00
   4.9092219e+00
   4.9092219e+00
   4.9092219e+00
   4.9092219e+00
   4.9092219e+00
   4.9092219e+00
   4.9092219e+00
   4.9092219e+00
   4.9092219e+00
   4.9091458e+00
   4.9091458e+00
   4.9091458e+00
   4.9091458e+00
   4.9091458e+00
   4.9091458e+00
   4.9090692e+00
   4.9090692e+00
   4.9090692e+00
   4.9090692e+00
   4.9090692e+00
   4.9090692e+00
   4.9088562e+00
   4.9088562e+00
   4.9088562e+00
   4.9086594e+00
   4.9086594e+00
   4.9086594e+00
   4.9086594e+00
   4.9086594e+00
   4.9086594e+00
   4.9086594e+00
   4.9086594e+00
   4.9086594e+00
   4.9086594e+00
   4.9086594e+00
   4.9086594e+00
   4.9084236e+00
   4.9084236e+00
   4.9084236e+00
   4.9084236e+00
   4.9084236e+00
   4.9084236e+00
   4.9084236e+00
   4.9084236e+00
   4.9084236e+00
   4.9084236e+00
   4.9084236e+00
   4.9084236e+00
   4.9084236e+00
   4.9084236e+00
   4.9084236e+00
   4.9084236e+00
   4.9084236e+00
   4.9084236e+00
   4.9084236e+00
   4.9084236e+00
   4.9084236e+00
   4.9084236e+00
   4.9084236e+00
   4.9084236e+00
   4.9084236e+00
   4.9084236e+00
   4.9084236e+00
   4.9084236e+00
   4.9084236e+00
   4.9084236e+00
   4.9084236e+00
   4.9084236e+00
   4.9084236e+00
   4.9084236e+00
   4.9084236e+00
   4.9083993e+00
   4.9083993e+00
   4.9083389e+00
   4.9083389e+00
   4.9083389e+00
   4.9083389e+00
   4.9083389e+00
   4.9083389e+00
   4.9083389e+00
   4.9082991e+00
   4.9082991e+00
   4.9082991e+00
   4.9082991e+00
   4.9082991e+00
   4.9082822e+00
   4.9082822e+00
   4.9082540e+00
   4.9082540e+00
   4.9082540e+00
   4.9082540e+00
   4.9082540e+00
   4.9082248e+00
   4.9082248e+00
   4.9082248e+00
   4.9082248e+00
   4.9082248e+00
   4.9082248e+00
   4.9082248e+00
   4.9082248e+00
   4.9082248e+00
   4.9082248e+00
   4.9082169e+00
   4.9082137e+00
   4.9082137e+00
   4.9082119e+00
   4.9082119e+00
   4.9082058e+00
   4.9081972e+00
   4.9081972e+00
   4.9081972e+00
   4.9081972e+00
   4.9081972e+00
   4.9081972e+00
   4.9081972e+00
   4.9081972e+00
   4.9081972e+00
   4.9081972e+00
   4.9081972e+00
   4.9081972e+00
   4.9081972e+00
   4.9081972e+00
   4.9081972e+00
   4.9081972e+00
   4.9081834e+00
   4.9081753e+00
   4.9081753e+00
   4.9081753e+00
   4.9081753e+00
   4.9081753e+00
   4.9081753e+00
   4.9081647e+00
   4.9081647e+00
   4.9081647e+00
   4.9081647e+00
   4.9081647e+00
   4.9081647e+00
   4.9081647e+00
   4.9081647e+00
   4.9081647e+00
   4.9081647e+00
   4.9081647e+00
   4.9081647e+00
   4.9081647e+00
   4.9081647e+00
   4.9081647e+00
   4.9081647e+00
   4.9081647e+00
   4.9081647e+00
   4.9081647e+00
   4.9081647e+00
   4.9081615e+00
   4.9081615e+00
   4.9081615e+00
   4.9081615e+00
   4.9081615e+00
   4.9081615e+00
   4.9081615e+00
   4.9081615e+00
   4.9081612e+00
   4.9081612e+00
   4.9081574e+00
   4.9081574e+00
   4.9081574e+00
   4.9081533e+00
   4.9081533e+00
   4.9081533e+00
   4.9081533e+00
   4.9081533e+00
   4.9081533e+00
   4.9081533e+00
   4.9081533e+00
   4.9081533e+00
   4.9081533e+00
   4.9081533e+00
   4.9081533e+00
   4.9081533e+00
   4.9081533e+00
   4.9081533e+00
   4.9081533e+00
   4.9081533e+00
   4.9081528e+00
   4.9081528e+00
   4.9081528e+00
   4.9081528e+00
   4.9081517e+00
   4.9081517e+00
   4.9081517e+00
   4.9081515e+00
   4.9081515e+00
   4.9081515e+00
   4.9081515e+00
   4.9081515e+00
   4.9081515e+00
   4.9081515e+00
   4.9081515e+00
   4.9081509e+00
   4.9081505e+00
   4.9081505e+00
   4.9081505e+00
   4.9081505e+00
   4.9081505e+00
   4.9081505e+00
   4.9081505e+00
   4.9081505e+00
   4.9081505e+00
   4.9081505e+00
   4.9081505e+00
   4.9081505e+00
   4.9081505e+00
   4.9081505e+00
   4.9081503e+00
   4.9081503e+00
   4.9081503e+00
   4.9081503e+00
   4.9081503e+00
   4.9081501e+00
   4.9081501e+00
   4.9081501e+00
   4.9081492e+00
   4.9081492e+00
   4.9081492e+00
   4.9081492e+00
   4.9081492e+00
   4.9081491e+00
   4.9081491e+00
   4.9081491e+00
   4.9081491e+00
   4.9081491e+00
   4.9081491e+00
   4.9081491e+00
   4.9081491e+00
   4.9081491e+00
   4.9081487e+00
   4.9081484e+00
   4.9081484e+00
   4.9081484e+00
   4.9081484e+00
   4.9081484e+00
   4.9081484e+00
   4.9081484e+00
   4.9081484e+00
   4.9081484e+00
   4.9081484e+00
   4.9081484e+00
   4.9081484e+00
   4.9081484e+00
   4.9081484e+00
   4.9081484e+00
   4.9081484e+00
   4.9081484e+00
   4.9081484e+00
   4.9081484e+00
   4.9081484e+00
   4.9081484e+00
   4.9081484e+00
   4.9081484e+00
   4.9081484e+00
   4.9081484e+00
   4.9081484e+00
   4.9081484e+00
   4.9081484e+00
   4.9081484e+00
   4.9081484e+00
   4.9081484e+00
   4.9081484e+00
   4.9081484e+00
   4.9081484e+00
   4.9081484e+00
   4.9081484e+00
   4.9081484e+00
   4.9081484e+00
   4.9081484e+00
   4.9081483e+00
   4.9081483e+00
   4.9081483e+00
   4.9081483e+00
   4.9081483e+00
   4.9081483e+00
   4.9081483e+00
   4.9081483e+00
   4.9081483e+00
   4.9081483e+00
   4.9081482e+00
   4.9081482e+00
   4.9081482e+00
   4.9081482e+00
   4.9081482e+00
   4.9081482e+00
   4.9081482e+00
   4.9081482e+00
   4.9081482e+00
   4.9081482e+00
   4.9081482e+00
   4.9081482e+00
   4.9081482e+00
   4.9081482e+00
   4.9081482e+00
   4.9081482e+00
   4.9081482e+00
   4.9081482e+00
   4.9081482e+00
   4.9081482e+00
   4.9081482e+00
   4.9081482e+00
   4.9081482e+00
   4.9081482e+00
   4.9081482e+00
   4.9081482e+00
   4.9081482e+00
   4.9081482e+00
   4.9081482e+00
   4.9081482e+00
   4.9081482e+00
   4.9081482e+00
   4.9081482e+00
   4.9081482e+00
   4.9081482e+00
   4.9081482e+00
   4.9081482e+00
   4.9081482e+00
   4.9081482e+00
   4.9081482e+00
   4.9081482e+00
   4.9081482e+00
   4.9081482e+00
   4.9081482e+00
   4.9081482e+00
   4.9081482e+00
   4.9081482e+00
   4.9081482e+00
   4.9081482e+00
   4.9081482e+00
   4.9081482e+00
   4.9081482e+00
   4.9081482e+00
   4.9081482e+00
   4.9081482e+00
   4.9081482e+00
   4.9081482e+00
   4.9081482e+00
   4.9081482e+00
   4.9081482e+00
   4.9081482e+00
   4.9081482e+00
   4.9081482e+00
   4.9081482e+00
   4.9081482e+00
   4.9081482e+00
   4.9081482e+00
   4.9081482e+00
   4.9081482e+00
   4.9081482e+00
   4.9081482e+00
   4.9081482e+00
   4.9081482e+00
   4.9081482e+00
   4.9081482e+00
   4.9081482e+00
   4.9081482e+00
   4.9081482e+00
   4.9081482e+00
   4.9081482e+00
   4.9081482e+00
   4.9081482e+00
   4.9081481e+00
   4.9081481e+00
   4.9081481e+00
   4.9081481e+00
   4.9081481e+00
   4.9081481e+00
   4.9081481e+00
   4.9081481e+00
   4.9081481e+00
   4.9081481e+00
   4.9081481e+00
   4.9081481e+00
   4.9081481e+00
   4.9081481e+00
   4.9081481e+00
   4.9081481e+00
   4.9081481e+00
   4.9081481e+00
   4.9081481e+00
   4.9081481e+00
   4.9081481e+00
   4.9081481e+00
   4.9081481e+00
   4.9081481e+00
   4.9081481e+00
   4.9081481e+00
   4.9081481e+00
   4.9081481e+00
   4.9081481e+00
   4.9081481e+00
   4.9081481e+00
   4.9081481e+00
   4.9081481e+00
   4.9081481e+00
   4.9081481e+00
   4.9081481e+00
   4.9081481e+00
   4.9081481e+00
   4.9081481e+00
   4.9081481e+00
   4.9081481e+00
   4.9081481e+00
   4.9081481e+00
   4.9081481e+00
   4.9081481e+00
   4.9081481e+00
   4.9081481e+00
   4.9081481e+00
   4.9081481e+00
   4.9081481e+00
   4.9081481e+00
   4.9081481e+00
   4.9081481e+00
   4.9081481e+00
   4.9081481e+00
   4.9081481e+00
   4.9081481e+00
   4.9081481e+00
   4.9081481e+00
   4.9081481e+00
   4.9081481e+00
   4.9081481e+00
   4.9081481e+00
   4.9081481e+00
   4.9081481e+00
   4.9081481e+00
   4.9081481e+00
   4.9081481e+00
   4.9081481e+00
   4.9081481e+00
   4.9081481e+00
   4.9081481e+00
   4.9081481e+00
   4.9081481e+00
   4.9081481e+00
   4.9081481e+00
   4.9081481e+00
   4.9081481e+00
   4.9081481e+00
   4.9081481e+00
   4.9081481e+00
   4.9081481e+00
   4.9081481e+00
   4.9081481e+00
   4.9081481e+00
   4.9081481e+00
   4.9081481e+00
   4.9081481e+00
   4.9081481e+00
   4.9081481e+00
   4.9081481e+00
   4.9081481e+00
   4.9081481e+00
   4.9081481e+00
   4.9081481e+00
   4.9081481e+00
   4.9081481e+00
   4.9081481e+00
   4.9081481e+00
   4.9081481e+00
   4.9081481e+00
   4.9081481e+00
   4.9081481e+00
   4.9081481e+00
   4.9081481e+00
   4.9081481e+00
   4.9081481e+00
   4.9081481e+00
   4.9081481e+00
   4.9081481e+00
   4.9081481e+00
   4.9081481e+00
   4.9081481e+00
   4.9081481e+00
   4.9081481e+00
   4.9081481e+00
   4.9081481e+00
   4.9081481e+00
   4.9081481e+00
   4.9081481e+00
   4.9081481e+00
   4.9081481e+00
   4.9081481e+00
   4.9081481e+00
   4.9081481e+00
   4.9081481e+00
   4.9081481e+00
   4.9081481e+00
   4.9081481e+00
   4.9081481e+00
   4.9081481e+00
