   0.0000000e+00
   1.0160000e+02
   2.0320000e+02
   3.0480000e+02
   4.0640000e+02
   5.0800000e+02
   6.0960000e+02
   7.1120000e+02
   8.1280000e+02
   9.1440000e+02
   1.0160000e+03
   1.1176000e+03
   1.2192000e+03
   1.3208000e+03
   1.4224000e+03
   1.5240000e+03
   1.6256000e+03
   1.7272000e+03
   1.8288000e+03
   1.9304000e+03
   2.0320000e+03
   2.1336000e+03
   2.2352000e+03
   2.3368000e+03
   2.4384000e+03
   2.5400000e+03
   2.6416000e+03
   2.7432000e+03
   2.8448000e+03
   2.9464000e+03
   3.0480000e+03
   3.1496000e+03
   3.2512000e+03
   3.3528000e+03
   3.4544000e+03
   3.5560000e+03
   3.6576000e+03
   3.7592000e+03
   3.8608000e+03
   3.9624000e+03
   4.0640000e+03
   4.1656000e+03
   4.2672000e+03
   4.3688000e+03
   4.4704000e+03
   4.5720000e+03
   4.6736000e+03
   4.7752000e+03
   4.8768000e+03
   4.9784000e+03
   5.0800000e+03
   5.1816000e+03
   5.2832000e+03
   5.3848000e+03
   5.4864000e+03
   5.5880000e+03
   5.6896000e+03
   5.7912000e+03
   5.8928000e+03
   5.9944000e+03
   6.0960000e+03
   6.1976000e+03
   6.2992000e+03
   6.4008000e+03
   6.5024000e+03
   6.6040000e+03
   6.7056000e+03
   6.8072000e+03
   6.9088000e+03
   7.0104000e+03
   7.1120000e+03
   7.2136000e+03
   7.3152000e+03
   7.4168000e+03
   7.5184000e+03
   7.6200000e+03
   7.7216000e+03
   7.8232000e+03
   7.9248000e+03
   8.0264000e+03
   8.1280000e+03
   8.2296000e+03
   8.3312000e+03
   8.4328000e+03
   8.5344000e+03
   8.6360000e+03
   8.7376000e+03
   8.8392000e+03
   8.9408000e+03
   9.0424000e+03
   9.1440000e+03
   9.2456000e+03
   9.3472000e+03
   9.4488000e+03
   9.5504000e+03
   9.6520000e+03
   9.7536000e+03
   9.8552000e+03
   9.9568000e+03
   1.0058400e+04
   1.0160000e+04
